0,00000	-0,00505
0,00500	-0,00428
0,01000	-0,00348
0,01500	-0,00292
0,02000	-0,00249
0,02500	-0,00200
0,03000	-0,00155
0,03500	-0,00164
0,04000	-0,00183
0,04500	-0,00120
0,05000	-0,00042
0,05500	-0,00029
0,06000	0,00025
0,06500	0,00198
0,07000	0,00320
0,07500	0,00201
0,08000	-0,00028
0,08500	-0,00085
0,09000	0,00062
0,09500	0,00182
0,10000	0,00116
0,10500	-0,00015
0,11000	-0,00080
0,11500	-0,00165
0,12000	-0,00296
0,12500	-0,00301
0,13000	-0,00123
0,13500	0,00052
0,14000	0,00055
0,14500	-0,00049
0,15000	-0,00096
0,15500	-0,00046
0,16000	0,00026
0,16500	0,00128
0,17000	0,00326
0,17500	0,00526
0,18000	0,00568
0,18500	0,00463
0,19000	0,00337
0,19500	0,00280
0,20000	0,00288
0,20500	0,00314
0,21000	0,00351
0,21500	0,00438
0,22000	0,00555
0,22500	0,00648
0,23000	0,00742
0,23500	0,00870
0,24000	0,00945
0,24500	0,00869
0,25000	0,00757
0,25500	0,00758
0,26000	0,00821
0,26500	0,00826
0,27000	0,00787
0,27500	0,00822
0,28000	0,00949
0,28500	0,01011
0,29000	0,00947
0,29500	0,00894
0,30000	0,00893
0,30500	0,00837
0,31000	0,00709
0,31500	0,00638
0,32000	0,00741
0,32500	0,00929
0,33000	0,01021
0,33500	0,01000
0,34000	0,00962
0,34500	0,00949
0,35000	0,00978
0,35500	0,01072
0,36000	0,01217
0,36500	0,01342
0,37000	0,01379
0,37500	0,01372
0,38000	0,01480
0,38500	0,01721
0,39000	0,01887
0,39500	0,01844
0,40000	0,01708
0,40500	0,01591
0,41000	0,01490
0,41500	0,01457
0,42000	0,01567
0,42500	0,01761
0,43000	0,01868
0,43500	0,01790
0,44000	0,01649
0,44500	0,01655
0,45000	0,01795
0,45500	0,01893
0,46000	0,01940
0,46500	0,02055
0,47000	0,02181
0,47500	0,02148
0,48000	0,02009
0,48500	0,01990
0,49000	0,02108
0,49500	0,02160
0,50000	0,02090
0,50500	0,02083
0,51000	0,02255
0,51500	0,02446
0,52000	0,02464
0,52500	0,02369
0,53000	0,02319
0,53500	0,02336
0,54000	0,02344
0,54500	0,02324
0,55000	0,02350
0,55500	0,02449
0,56000	0,02529
0,56500	0,02542
0,57000	0,02551
0,57500	0,02598
0,58000	0,02661
0,58500	0,02728
0,59000	0,02791
0,59500	0,02800
0,60000	0,02699
0,60500	0,02565
0,61000	0,02571
0,61500	0,02755
0,62000	0,02951
0,62500	0,03030
0,63000	0,03068
0,63500	0,03180
0,64000	0,03335
0,64500	0,03459
0,65000	0,03562
0,65500	0,03644
0,66000	0,03623
0,66500	0,03466
0,67000	0,03302
0,67500	0,03291
0,68000	0,03410
0,68500	0,03487
0,69000	0,03486
0,69500	0,03579
0,70000	0,03814
0,70500	0,04012
0,71000	0,04051
0,71500	0,04004
0,72000	0,03959
0,72500	0,03912
0,73000	0,03856
0,73500	0,03838
0,74000	0,03908
0,74500	0,04005
0,75000	0,04019
0,75500	0,03983
0,76000	0,03994
0,76500	0,04024
0,77000	0,03998
0,77500	0,03957
0,78000	0,04016
0,78500	0,04228
0,79000	0,04476
0,79500	0,04599
0,80000	0,04623
0,80500	0,04630
0,81000	0,04577
0,81500	0,04480
0,82000	0,04477
0,82500	0,04622
0,83000	0,04813
0,83500	0,04932
0,84000	0,04951
0,84500	0,04950
0,85000	0,04994
0,85500	0,05002
0,86000	0,04930
0,86500	0,04917
0,87000	0,05002
0,87500	0,05054
0,88000	0,05057
0,88500	0,05103
0,89000	0,05209
0,89500	0,05309
0,90000	0,05365
0,90500	0,05456
0,91000	0,05629
0,91500	0,05780
0,92000	0,05799
0,92500	0,05749
0,93000	0,05765
0,93500	0,05818
0,94000	0,05817
0,94500	0,05817
0,95000	0,05895
0,95500	0,05999
0,96000	0,05983
0,96500	0,05778
0,97000	0,05569
0,97500	0,05578
0,98000	0,05739
0,98500	0,05890
0,99000	0,06037
0,99500	0,06196
1,00000	0,06308
1,00500	0,06337
1,01000	0,06318
1,01500	0,06327
1,02000	0,06360
1,02500	0,06321
1,03000	0,06262
1,03500	0,06348
1,04000	0,06542
1,04500	0,06700
1,05000	0,06830
1,05500	0,06971
1,06000	0,07098
1,06500	0,07179
1,07000	0,07216
1,07500	0,07268
1,08000	0,07355
1,08500	0,07374
1,09000	0,07307
1,09500	0,07329
1,10000	0,07506
1,10500	0,07644
1,11000	0,07630
1,11500	0,07609
1,12000	0,07685
1,12500	0,07791
1,13000	0,07818
1,13500	0,07758
1,14000	0,07745
1,14500	0,07865
1,15000	0,08002
1,15500	0,08021
1,16000	0,08010
1,16500	0,08099
1,17000	0,08197
1,17500	0,08197
1,18000	0,08175
1,18500	0,08197
1,19000	0,08217
1,19500	0,08183
1,20000	0,08145
1,20500	0,08227
1,21000	0,08443
1,21500	0,08720
1,22000	0,09020
1,22500	0,09257
1,23000	0,09292
1,23500	0,09131
1,24000	0,08983
1,24500	0,09016
1,25000	0,09130
1,25500	0,09138
1,26000	0,09046
1,26500	0,09035
1,27000	0,09171
1,27500	0,09327
1,28000	0,09443
1,28500	0,09578
1,29000	0,09754
1,29500	0,09908
1,30000	0,09935
1,30500	0,09849
1,31000	0,09800
1,31500	0,09848
1,32000	0,09927
1,32500	0,09982
1,33000	0,10018
1,33500	0,10057
1,34000	0,10106
1,34500	0,10201
1,35000	0,10372
1,35500	0,10517
1,36000	0,10514
1,36500	0,10443
1,37000	0,10477
1,37500	0,10605
1,38000	0,10650
1,38500	0,10565
1,39000	0,10518
1,39500	0,10638
1,40000	0,10841
1,40500	0,10981
1,41000	0,11079
1,41500	0,11266
1,42000	0,11472
1,42500	0,11512
1,43000	0,11405
1,43500	0,11142
1,44000	0,10544
1,44500	0,09687
1,45000	0,09051
1,45500	0,08811
1,46000	0,07277
1,46500	0,00210
1,47000	-0,16373
1,47500	-0,41195
1,48000	-0,66140
1,48500	-0,81082
1,49000	-0,80722
1,49500	-0,66584
1,50000	-0,43870
1,50500	-0,18567
1,51000	0,04574
1,51500	0,26713
1,52000	0,57864
1,52500	1,08198
1,53000	1,70625
1,53500	2,14593
1,54000	2,05058
1,54500	1,32516
1,55000	0,24239
1,55500	-0,76275
1,56000	-1,41249
1,56500	-1,66090
1,57000	-1,54086
1,57500	-1,14613
1,58000	-0,66492
1,58500	-0,16765
1,59000	0,52431
1,59500	1,55632
1,60000	2,69383
1,60500	3,34073
1,61000	2,99376
1,61500	1,75130
1,62000	0,24938
1,62500	-0,91262
1,63000	-1,56004
1,63500	-1,85224
1,64000	-1,96797
1,64500	-1,92582
1,65000	-1,63365
1,65500	-1,01421
1,66000	-0,12271
1,66500	0,79618
1,67000	1,36973
1,67500	1,29291
1,68000	0,61396
1,68500	-0,22603
1,69000	-0,82146
1,69500	-1,17327
1,70000	-1,49957
1,70500	-1,84260
1,71000	-2,03766
1,71500	-2,00634
1,72000	-1,86930
1,72500	-1,71141
1,73000	-1,45046
1,73500	-1,01826
1,74000	-0,47734
1,74500	0,13048
1,75000	0,92088
1,75500	1,95945
1,76000	2,96978
1,76500	3,54116
1,77000	3,54448
1,77500	3,05068
1,78000	2,02180
1,78500	0,43690
1,79000	-1,35825
1,79500	-2,78088
1,80000	-3,48194
1,80500	-3,38209
1,81000	-2,34778
1,81500	-0,30028
1,82000	2,30220
1,82500	4,50649
1,83000	5,55343
1,83500	5,40050
1,84000	4,51220
1,84500	3,17901
1,85000	1,31810
1,85500	-0,88351
1,86000	-2,62960
1,86500	-3,27232
1,87000	-3,05705
1,87500	-2,70108
1,88000	-2,44033
1,88500	-1,85118
1,89000	-0,62585
1,89500	0,74804
1,90000	1,31147
1,90500	0,55538
1,91000	-1,15985
1,91500	-2,98744
1,92000	-4,25363
1,92500	-4,74317
1,93000	-4,34043
1,93500	-2,86054
1,94000	-0,67075
1,94500	1,04630
1,95000	1,16333
1,95500	-0,32054
1,96000	-2,23650
1,96500	-3,42857
1,97000	-3,81621
1,97500	-4,12754
1,98000	-4,87996
1,98500	-5,83271
1,99000	-6,39038
1,99500	-6,22987
2,00000	-5,16595
2,00500	-2,76007
2,01000	1,25634
2,01500	6,20216
2,02000	10,64222
2,02500	13,58308
2,03000	15,08190
2,03500	15,41621
2,04000	14,09660
2,04500	10,17548
2,05000	3,52179
2,05500	-4,48208
2,06000	-11,61710
2,06500	-15,95510
2,07000	-16,49921
2,07500	-13,54685
2,08000	-8,80705
2,08500	-4,73057
2,09000	-3,04938
2,09500	-3,71716
2,10000	-5,35078
2,10500	-6,60070
2,11000	-7,19812
2,11500	-7,96754
2,12000	-9,92902
2,12500	-13,34597
2,13000	-17,29100
2,13500	-19,89546
2,14000	-19,35352
2,14500	-15,08630
2,15000	-8,05939
2,15500	-0,33984
2,16000	5,27160
2,16500	6,04219
2,17000	1,20639
2,17500	-6,62908
2,18000	-12,85745
2,18500	-14,43357
2,19000	-11,71592
2,19500	-6,62005
2,20000	-0,41619
2,20500	5,82473
2,21000	10,25066
2,21500	11,50079
2,22000	10,88574
2,22500	11,81864
2,23000	15,66859
2,23500	18,90252
2,24000	16,05474
2,24500	5,43285
2,25000	-8,77446
2,25500	-20,11082
2,26000	-25,24073
2,26500	-24,40297
2,27000	-17,71574
2,27500	-5,38889
2,28000	9,13036
2,28500	21,05264
2,29000	29,05734
2,29500	35,60164
2,30000	42,98731
2,30500	49,61494
2,31000	49,80410
2,31500	38,50158
2,32000	16,87754
2,32500	-7,44905
2,33000	-25,89786
2,33500	-33,82820
2,34000	-30,55434
2,34500	-16,88713
2,35000	5,18171
2,35500	30,44869
2,36000	51,88505
2,36500	64,91658
2,37000	67,89413
2,37500	60,84548
2,38000	45,69235
2,38500	25,44236
2,39000	2,96516
2,39500	-18,21135
2,40000	-33,21337
2,40500	-38,31941
2,41000	-32,98967
2,41500	-18,51936
2,42000	2,88611
2,42500	27,55724
2,43000	50,47475
2,43500	66,97817
2,44000	74,30099
2,44500	70,36560
2,45000	54,25062
2,45500	29,47825
2,46000	2,39008
2,46500	-21,84318
2,47000	-38,51227
2,47500	-42,29003
2,48000	-30,55918
2,48500	-7,13938
2,49000	19,47777
2,49500	42,35580
2,50000	60,64574
2,50500	77,86131
2,51000	95,09456
2,51500	106,48974
2,52000	102,59351
2,52500	78,44938
2,53000	39,06644
2,53500	-2,32974
2,54000	-33,29753
2,54500	-50,30211
2,55000	-57,39870
2,55500	-59,12900
2,56000	-55,57228
2,56500	-42,65469
2,57000	-17,14747
2,57500	17,61905
2,58000	51,48097
2,58500	73,51357
2,59000	77,31505
2,59500	61,53425
2,60000	29,20793
2,60500	-11,83631
2,61000	-49,88903
2,61500	-74,37008
2,62000	-82,16863
2,62500	-76,98136
2,63000	-62,04003
2,63500	-37,95612
2,64000	-6,59911
2,64500	26,94454
2,65000	53,70033
2,65500	63,46429
2,66000	52,31064
2,66500	25,69220
2,67000	-5,01315
2,67500	-28,67083
2,68000	-40,81270
2,68500	-44,11566
2,69000	-43,14114
2,69500	-40,82759
2,70000	-37,70504
2,70500	-31,73100
2,71000	-21,12767
2,71500	-7,75360
2,72000	3,75607
2,72500	8,38761
2,73000	3,35436
2,73500	-9,71931
2,74000	-25,95821
2,74500	-39,36317
2,75000	-45,25036
2,75500	-44,00163
2,76000	-40,44439
2,76500	-38,27565
2,77000	-36,53938
2,77500	-31,39781
2,78000	-20,82265
2,78500	-6,47102
2,79000	8,10698
2,79500	17,99237
2,80000	17,06240
2,80500	2,05741
2,81000	-23,35473
2,81500	-50,04683
2,82000	-67,83949
2,82500	-69,95021
2,83000	-55,50828
2,83500	-27,86329
2,84000	7,26599
2,84500	42,40533
2,85000	70,64875
2,85500	86,77377
2,86000	86,67209
2,86500	68,94408
2,87000	36,86623
2,87500	-2,43924
2,88000	-40,92448
2,88500	-71,98022
2,89000	-90,17684
2,89500	-90,86565
2,90000	-73,15252
2,90500	-42,42382
2,91000	-7,91678
2,91500	21,84627
2,92000	42,74410
2,92500	54,89784
2,93000	57,12866
2,93500	44,48097
2,94000	15,02109
2,94500	-23,12289
2,95000	-56,03029
2,95500	-74,09300
2,96000	-74,66415
2,96500	-59,17297
2,97000	-30,78921
2,97500	6,93032
2,98000	48,20600
2,98500	83,58144
2,99000	103,75423
2,99500	104,72020
3,00000	89,32882
3,00500	64,07124
3,01000	34,48340
3,01500	5,72007
3,02000	-14,46464
3,02500	-20,21439
3,03000	-15,66950
3,03500	-12,89800
3,04000	-19,86466
3,04500	-33,25758
3,05000	-42,83047
3,05500	-40,82087
3,06000	-29,02688
3,06500	-17,31490
3,07000	-15,14901
3,07500	-24,58989
3,08000	-39,91647
3,08500	-53,29379
3,09000	-59,25962
3,09500	-55,47130
3,10000	-42,40603
3,10500	-21,63971
3,11000	5,42855
3,11500	37,43890
3,12000	72,43573
3,12500	106,85988
3,13000	136,31842
3,13500	157,36871
3,14000	167,93895
3,14500	167,50499
3,15000	156,38599
3,15500	134,07068
3,16000	100,16358
3,16500	58,36928
3,17000	19,14435
3,17500	-4,68804
3,18000	-6,81820
3,18500	8,85442
3,19000	32,19126
3,19500	54,61800
3,20000	73,71643
3,20500	89,94250
3,21000	101,71186
3,21500	104,92449
3,22000	95,33237
3,22500	71,74320
3,23000	37,75259
3,23500	-1,15284
3,24000	-41,73811
3,24500	-82,81732
3,25000	-122,75402
3,25500	-158,38811
3,26000	-185,66890
3,26500	-201,69061
3,27000	-206,46736
3,27500	-202,15340
3,28000	-191,49600
3,28500	-178,99503
3,29000	-171,52495
3,29500	-174,05696
3,30000	-186,28592
3,30500	-204,74280
3,31000	-224,32840
3,31500	-238,57941
3,32000	-243,10761
3,32500	-237,61102
3,33000	-224,00168
3,33500	-205,82289
3,34000	-188,52557
3,34500	-177,45299
3,35000	-175,40028
3,35500	-182,10594
3,36000	-195,55420
3,36500	-213,26680
3,37000	-232,77339
3,37500	-251,91644
3,38000	-267,27515
3,38500	-272,49066
3,39000	-262,21341
3,39500	-238,12662
3,40000	-208,36852
3,40500	-180,82991
3,41000	-158,53449
3,41500	-141,81712
3,42000	-133,14795
3,42500	-136,83514
3,43000	-152,47311
3,43500	-171,65810
3,44000	-184,24908
3,44500	-186,53810
3,45000	-182,24063
3,45500	-177,08051
3,46000	-173,82918
3,46500	-171,89687
3,47000	-169,43779
3,47500	-164,22507
3,48000	-153,32419
3,48500	-134,83923
3,49000	-111,29276
3,49500	-89,60434
3,50000	-75,70956
3,50500	-69,41161
3,51000	-64,89214
3,51500	-54,47863
3,52000	-32,91981
3,52500	-0,03653
3,53000	41,40190
3,53500	88,99126
3,54000	141,37256
3,54500	197,44316
3,55000	255,53542
3,55500	312,88251
3,56000	366,00101
3,56500	414,02390
3,57000	457,63809
3,57500	493,21713
3,58000	517,16357
3,58500	532,06085
3,59000	542,20563
3,59500	549,42218
3,60000	553,81494
3,60500	555,06220
3,61000	552,43585
3,61500	545,41138
3,62000	535,06372
3,62500	523,87335
3,63000	515,31256
3,63500	512,38184
3,64000	515,07544
3,64500	520,19336
3,65000	523,93707
3,65500	524,57556
3,66000	522,46173
3,66500	518,38019
3,67000	512,78760
3,67500	506,52139
3,68000	501,42029
3,68500	499,67279
3,69000	502,52213
3,69500	509,03970
3,70000	515,71674
3,70500	517,68945
3,71000	510,72876
3,71500	491,72089
3,72000	457,88370
3,72500	407,00836
3,73000	339,18100
3,73500	258,36002
3,74000	171,75603
3,74500	86,11705
3,75000	4,01155
3,75500	-74,26308
3,76000	-146,53629
3,76500	-211,10481
3,77000	-271,07767
3,77500	-330,44205
3,78000	-386,67032
3,78500	-433,03363
3,79000	-466,99524
3,79500	-490,60489
3,80000	-506,78824
3,80500	-520,70160
3,81000	-538,55365
3,81500	-560,83533
3,82000	-582,26465
3,82500	-602,84375
3,83000	-632,31403
3,83500	-671,19373
3,84000	-700,04437
3,84500	-706,80060
3,85000	-699,25110
3,85500	-680,57880
3,86000	-645,94879
3,86500	-596,58118
3,87000	-536,25781
3,87500	-462,39175
3,88000	-365,25308
3,88500	-242,34000
3,89000	-111,79818
3,89500	0,07402
3,90000	81,63775
3,90500	141,94946
3,91000	193,92218
3,91500	236,52693
3,92000	258,18073
3,92500	250,93703
3,93000	218,76773
3,93500	174,46498
3,94000	127,64880
3,94500	76,61321
3,95000	14,93965
3,95500	-57,18969
3,96000	-133,71913
3,96500	-206,72936
3,97000	-265,10974
3,97500	-299,84174
3,98000	-309,34378
3,98500	-291,47257
3,99000	-239,12215
3,99500	-152,48717
4,00000	-48,29139
4,00500	50,85826
4,01000	131,77473
4,01500	194,63562
4,02000	249,25743
4,02500	303,27203
4,03000	349,84341
4,03500	371,59232
4,04000	354,55862
4,04500	298,39075
4,05000	214,46425
4,05500	114,56110
4,06000	9,59690
4,06500	-83,98386
4,07000	-151,15060
4,07500	-189,49437
4,08000	-205,48700
4,08500	-205,36562
4,09000	-193,43289
4,09500	-173,22838
4,10000	-149,58907
4,10500	-130,72893
4,11000	-124,74608
4,11500	-134,14157
4,12000	-155,67336
4,12500	-182,81186
4,13000	-207,77947
4,13500	-226,36729
4,14000	-239,95371
4,14500	-249,90283
4,15000	-254,77068
4,15500	-253,20319
4,16000	-244,96745
4,16500	-230,57517
4,17000	-212,10622
4,17500	-192,87933
4,18000	-175,31010
4,18500	-159,97987
4,19000	-146,71382
4,19500	-135,37961
4,20000	-125,03733
4,20500	-114,03285
4,21000	-102,87679
4,21500	-93,46345
4,22000	-84,45348
4,22500	-72,79679
4,23000	-57,49454
4,23500	-37,22835
4,24000	-8,93487
4,24500	24,92991
4,25000	49,60247
4,25500	51,15518
4,26000	38,03480
4,26500	34,22698
4,27000	54,41274
4,27500	96,84288
4,28000	148,90323
4,28500	193,75670
4,29000	222,03447
4,29500	238,14481
4,30000	252,32459
4,30500	272,64063
4,31000	303,30035
4,31500	341,52795
4,32000	377,05850
4,32500	397,87112
4,33000	399,78751
4,33500	389,10114
4,34000	374,52939
4,34500	366,49286
4,35000	375,12378
4,35500	398,53723
4,36000	423,04767
4,36500	436,91425
4,37000	438,32108
4,37500	429,84430
4,38000	412,50143
4,38500	387,28491
4,39000	358,02222
4,39500	328,48813
4,40000	298,61206
4,40500	267,37848
4,41000	233,76497
4,41500	197,24065
4,42000	159,08698
4,42500	120,50966
4,43000	83,69054
4,43500	52,46224
4,44000	30,03039
4,44500	16,80642
4,45000	10,90438
4,45500	9,99222
4,46000	11,49279
4,46500	13,27655
4,47000	12,73728
4,47500	7,08870
4,48000	-3,94505
4,48500	-18,97084
4,49000	-36,45766
4,49500	-55,25060
4,50000	-74,50186
4,50500	-92,75755
4,51000	-108,51983
4,51500	-121,48982
4,52000	-132,19345
4,52500	-139,19247
4,53000	-138,00621
4,53500	-124,98058
4,54000	-100,82610
4,54500	-69,81168
4,55000	-37,56827
4,55500	-10,01366
4,56000	8,90690
4,56500	19,14630
4,57000	22,11925
4,57500	19,00601
4,58000	12,23672
4,58500	4,41376
4,59000	-4,84656
4,59500	-18,85314
4,60000	-39,55999
4,60500	-64,93933
4,61000	-91,82710
4,61500	-118,77528
4,62000	-145,67577
4,62500	-172,32063
4,63000	-197,67589
4,63500	-220,65979
4,64000	-239,52985
4,64500	-251,02835
4,65000	-254,30283
4,65500	-253,58347
4,66000	-254,71552
4,66500	-261,46365
4,67000	-274,12897
4,67500	-288,43204
4,68000	-297,12164
4,68500	-297,10336
4,69000	-291,90595
4,69500	-286,34088
4,70000	-284,59821
4,70500	-289,62799
4,71000	-300,27277
4,71500	-310,45831
4,72000	-312,11899
4,72500	-299,26160
4,73000	-268,70935
4,73500	-221,07796
4,74000	-162,08524
4,74500	-99,13201
4,75000	-37,09900
4,75500	21,50197
4,76000	74,06185
4,76500	117,30444
4,77000	148,29082
4,77500	165,09535
4,78000	167,31966
4,78500	156,71535
4,79000	136,41948
4,79500	109,62907
4,80000	80,01041
4,80500	51,81577
4,81000	28,33127
4,81500	10,16446
4,82000	-3,61183
4,82500	-12,82006
4,83000	-16,48635
4,83500	-14,13020
4,84000	-6,16504
4,84500	6,41201
4,85000	22,89876
4,85500	42,83780
4,86000	65,30037
4,86500	88,37985
4,87000	108,82552
4,87500	122,01785
4,88000	124,64332
4,88500	118,50479
4,89000	109,42474
4,89500	103,40726
4,90000	104,20456
4,90500	111,61906
4,91000	122,29338
4,91500	132,25560
4,92000	138,49791
4,92500	140,21393
4,93000	138,71706
4,93500	135,56316
4,94000	132,11191
4,94500	130,32701
4,95000	131,80646
4,95500	137,08901
4,96000	145,93230
4,96500	156,54918
4,97000	165,85216
4,97500	170,92461
4,98000	170,05359
4,98500	162,91480
4,99000	149,73689
4,99500	131,21977
5,00000	109,13891
5,00500	85,49011
5,01000	61,08095
5,01500	35,99748
5,02000	11,37079
5,02500	-10,01978
5,03000	-24,65793
5,03500	-30,32727
5,04000	-28,11816
5,04500	-21,68879
5,05000	-14,70103
5,05500	-9,72948
5,06000	-8,43645
5,06500	-11,42439
5,07000	-18,49540
5,07500	-29,70742
5,08000	-45,10331
5,08500	-63,01152
5,09000	-79,75806
5,09500	-91,90080
5,10000	-98,62247
5,10500	-101,32033
5,11000	-101,81112
5,11500	-101,82560
5,12000	-102,82488
5,12500	-105,23091
5,13000	-108,32282
5,13500	-111,35127
5,14000	-114,06786
5,14500	-115,98848
5,15000	-115,53745
5,15500	-109,89964
5,16000	-97,04794
5,16500	-77,84977
5,17000	-54,97347
5,17500	-31,48823
5,18000	-11,17166
5,18500	1,96362
5,19000	5,25667
5,19500	-1,68827
5,20000	-17,12266
5,20500	-38,18309
5,21000	-62,13344
5,21500	-86,49588
5,22000	-108,86971
5,22500	-127,16808
5,23000	-139,63709
5,23500	-144,77817
5,24000	-141,31953
5,24500	-128,74207
5,25000	-108,40439
5,25500	-83,81451
5,26000	-59,28899
5,26500	-38,19955
5,27000	-22,32425
5,27500	-11,80532
5,28000	-5,40054
5,28500	-2,06696
5,29000	-2,08444
5,29500	-5,74183
5,30000	-12,55674
5,30500	-22,18597
5,31000	-34,04492
5,31500	-46,56556
5,32000	-57,84986
5,32500	-66,27844
5,33000	-70,90630
5,33500	-71,61098
5,34000	-68,69564
5,34500	-62,82367
5,35000	-54,95437
5,35500	-45,45091
5,36000	-33,33356
5,36500	-17,31655
5,37000	2,50014
5,37500	24,47893
5,38000	46,34108
5,38500	65,99112
5,39000	81,51672
5,39500	90,98581
5,40000	93,32282
5,40500	88,71289
5,41000	78,30638
5,41500	64,50906
5,42000	50,40784
5,42500	38,66897
5,43000	31,27765
5,43500	29,09685
5,44000	31,88684
5,44500	38,89912
5,45000	48,85751
5,45500	60,50810
5,46000	73,41640
5,46500	87,53520
5,47000	102,33305
5,47500	116,78011
5,48000	129,78824
5,48500	140,01904
5,49000	146,03470
5,49500	147,01885
5,50000	142,94057
5,50500	134,25496
5,51000	121,82840
5,51500	107,42526
5,52000	93,29393
5,52500	80,92503
5,53000	70,74095
5,53500	62,42691
5,54000	55,49668
5,54500	49,51626
5,55000	44,20594
5,55500	40,00020
5,56000	38,06241
5,56500	39,54694
5,57000	44,24627
5,57500	50,11339
5,58000	54,51811
5,58500	55,58705
5,59000	53,22749
5,59500	48,87133
5,60000	44,14933
5,60500	40,05894
5,61000	36,36498
5,61500	32,08047
5,62000	26,85912
5,62500	21,62294
5,63000	18,15030
5,63500	17,98086
5,64000	21,23647
5,64500	26,30118
5,65000	30,77329
5,65500	32,70911
5,66000	31,79777
5,66500	29,49276
5,67000	27,53132
5,67500	27,20617
5,68000	29,36322
5,68500	34,02649
5,69000	40,40352
5,69500	47,34257
5,70000	53,79925
5,70500	58,77068
5,71000	60,90570
5,71500	58,59928
5,72000	50,89806
5,72500	38,31470
5,73000	22,46470
5,73500	4,81012
5,74000	-14,29070
5,74500	-34,91753
5,75000	-56,90010
5,75500	-80,03430
5,76000	-103,49346
5,76500	-125,85474
5,77000	-145,80808
5,77500	-162,29836
5,78000	-175,10242
5,78500	-184,67888
5,79000	-191,36200
5,79500	-195,19397
5,80000	-195,90949
5,80500	-193,36862
5,81000	-187,88873
5,81500	-180,06802
5,82000	-171,05745
5,82500	-162,67993
5,83000	-156,03145
5,83500	-149,91739
5,84000	-141,75061
5,84500	-129,96494
5,85000	-115,56842
5,85500	-101,75850
5,86000	-91,64475
5,86500	-86,30953
5,87000	-84,64582
5,87500	-84,86456
5,88000	-86,66164
5,88500	-91,20077
5,89000	-99,16381
5,89500	-109,60789
5,90000	-119,75621
5,90500	-125,97019
5,91000	-125,80502
5,91500	-118,98006
5,92000	-106,62952
5,92500	-89,77115
5,93000	-68,68314
5,93500	-44,01716
5,94000	-17,34195
5,94500	9,57653
5,95000	35,14476
5,95500	58,42700
5,96000	79,58163
5,96500	99,27046
5,97000	117,57386
5,97500	133,16338
5,98000	144,06162
5,98500	149,28391
5,99000	149,07922
5,99500	144,35889
6,00000	136,25513
6,00500	125,70412
6,01000	113,45962
6,01500	100,49071
6,02000	88,06234
6,02500	77,39262
6,03000	68,96999
6,03500	61,97982
6,04000	55,00016
6,04500	47,30207
6,05000	38,95755
6,05500	29,66297
6,06000	18,67499
6,06500	6,71562
6,07000	-3,61916
6,07500	-9,75510
6,08000	-10,66759
6,08500	-6,90032
6,09000	0,57147
6,09500	11,09513
6,10000	24,19127
6,10500	39,10096
6,11000	54,23496
6,11500	67,27493
6,12000	76,14344
6,12500	80,07138
6,13000	80,02102
6,13500	78,24526
6,14000	77,16650
6,14500	78,51478
6,15000	83,20815
6,15500	90,86035
6,16000	99,68837
6,16500	107,68327
6,17000	113,20019
6,17500	114,58772
6,18000	110,89456
6,18500	103,16648
6,19000	93,51369
6,19500	83,38955
6,20000	73,11628
6,20500	62,49543
6,21000	52,27201
6,21500	43,98003
6,22000	38,67244
6,22500	36,52905
6,23000	36,17325
6,23500	34,47440
6,24000	28,57183
6,24500	17,98711
6,25000	3,97808
6,25500	-11,87622
6,26000	-28,08771
6,26500	-43,11556
6,27000	-54,63914
6,27500	-60,21481
6,28000	-58,89099
6,28500	-51,65918
6,29000	-41,18139
6,29500	-30,68250
6,30000	-22,47583
6,30500	-17,20178
6,31000	-14,00620
6,31500	-11,96925
6,32000	-11,63348
6,32500	-14,62267
6,33000	-22,13989
6,33500	-34,27696
6,34000	-49,84713
6,34500	-66,43345
6,35000	-81,00916
6,35500	-90,97958
6,36000	-94,99225
6,36500	-92,68454
6,37000	-83,88472
6,37500	-68,94990
6,38000	-50,13185
6,38500	-31,16654
6,39000	-15,48222
6,39500	-5,52437
6,40000	-2,22511
6,40500	-4,81595
6,41000	-11,84670
6,41500	-22,01794
6,42000	-33,96813
6,42500	-45,54856
6,43000	-53,95398
6,43500	-57,14611
6,44000	-55,62201
6,44500	-52,01940
6,45000	-48,33928
6,45500	-44,28906
6,46000	-37,71025
6,46500	-26,56360
6,47000	-11,16071
6,47500	5,70812
6,48000	20,37169
6,48500	30,08395
6,49000	33,97794
6,49500	32,94824
6,50000	28,55610
6,50500	21,78585
6,51000	13,51923
6,51500	5,23337
6,52000	-1,74587
6,52500	-6,43919
6,53000	-7,71515
6,53500	-4,72174
6,54000	2,45456
6,54500	12,83643
6,55000	25,00374
6,55500	37,54241
6,56000	49,06583
6,56500	58,43317
6,57000	65,53751
6,57500	71,27026
6,58000	76,45660
6,58500	81,26672
6,59000	85,33305
6,59500	87,58954
6,60000	86,74312
6,60500	82,78976
6,61000	77,21071
6,61500	71,52495
6,62000	65,98136
6,62500	59,56971
6,63000	51,29326
6,63500	40,92181
6,64000	28,59470
6,64500	14,60383
6,65000	-0,40537
6,65500	-15,84144
6,66000	-31,62329
6,66500	-47,75454
6,67000	-63,91166
6,67500	-79,26392
6,68000	-92,52360
6,68500	-102,64779
6,69000	-109,40804
6,69500	-113,40552
6,70000	-115,48599
6,70500	-115,74409
6,71000	-113,39883
6,71500	-107,87200
6,72000	-99,61642
6,72500	-89,69946
6,73000	-78,97251
6,73500	-67,62199
6,74000	-55,27539
6,74500	-41,78552
6,75000	-27,65885
6,75500	-13,80286
6,76000	-1,34335
6,76500	8,56409
6,77000	14,69740
6,77500	15,72296
6,78000	10,84259
6,78500	0,64413
6,79000	-12,49819
6,79500	-25,10089
6,80000	-34,24938
6,80500	-38,75948
6,81000	-39,06542
6,81500	-36,14438
6,82000	-30,23414
6,82500	-20,96053
6,83000	-8,71628
6,83500	4,70712
6,84000	16,57632
6,84500	24,43794
6,85000	27,26121
6,85500	25,13582
6,86000	18,92919
6,86500	10,84643
6,87000	3,68337
6,87500	-1,13453
6,88000	-4,01025
6,88500	-6,03846
6,89000	-8,02325
6,89500	-10,09682
6,90000	-11,92694
6,90500	-13,12459
6,91000	-13,21816
6,91500	-11,73023
6,92000	-8,65101
6,92500	-4,70796
6,93000	-0,96342
6,93500	2,04258
6,94000	4,61450
6,94500	7,48770
6,95000	11,13929
6,95500	15,22494
6,96000	18,99639
6,96500	22,22910
6,97000	25,17726
6,97500	27,74507
6,98000	29,02494
6,98500	27,84351
6,99000	23,81410
6,99500	17,58575
7,00000	10,29818
7,00500	3,05606
7,01000	-3,67279
7,01500	-10,31253
7,02000	-17,60120
7,02500	-25,72364
7,03000	-33,72304
7,03500	-39,93111
7,04000	-42,85643
7,04500	-41,62295
7,05000	-36,39370
7,05500	-28,14238
7,06000	-17,76159
7,06500	-5,89430
7,07000	6,28780
7,07500	16,53111
7,08000	22,60140
7,08500	24,06792
7,09000	22,60796
7,09500	20,82854
7,10000	20,48344
7,10500	20,97089
7,11000	19,83093
7,11500	15,18588
7,12000	7,55479
7,12500	-0,40074
7,13000	-5,56965
7,13500	-6,01718
7,14000	-1,64416
7,14500	6,20556
7,15000	16,09841
7,15500	27,63906
7,16000	40,92720
7,16500	54,96733
7,17000	67,25760
7,17500	74,87402
7,18000	75,85426
7,18500	70,30125
7,19000	60,19297
7,19500	48,18987
7,20000	36,83828
7,20500	28,20176
7,21000	23,75860
7,21500	24,26003
7,22000	29,31490
7,22500	37,34869
7,23000	46,35843
7,23500	54,87894
7,24000	62,15321
7,24500	67,66134
7,25000	70,86221
7,25500	71,37545
7,26000	69,35226
7,26500	65,36631
7,27000	59,75597
7,27500	52,30819
7,28000	42,79762
7,28500	31,87729
7,29000	21,32424
7,29500	13,44961
7,30000	10,17848
7,30500	12,05525
7,31000	17,73187
7,31500	24,90414
7,32000	32,10928
7,32500	39,03720
7,33000	45,28681
7,33500	49,91598
7,34000	52,02469
7,34500	51,05105
7,35000	46,63551
7,35500	38,78478
7,36000	28,26240
7,36500	16,38887
7,37000	4,74654
7,37500	-4,72925
7,38000	-10,29451
7,38500	-11,56747
7,39000	-9,90513
7,39500	-7,52879
7,40000	-6,16130
7,40500	-6,36010
7,41000	-8,06266
7,41500	-11,19286
7,42000	-15,60729
7,42500	-20,79279
7,43000	-25,80110
7,43500	-29,90813
7,44000	-33,18874
7,44500	-36,21757
7,45000	-39,46490
7,45500	-42,97285
7,46000	-46,52125
7,46500	-50,07443
7,47000	-54,13708
7,47500	-59,58347
7,48000	-67,07559
7,48500	-76,49625
7,49000	-86,66003
7,49500	-95,85355
7,50000	-102,72936
7,50500	-106,70700
7,51000	-107,87554
7,51500	-106,55135
7,52000	-102,94759
7,52500	-97,21948
7,53000	-89,75248
7,53500	-81,49772
7,54000	-73,84572
7,54500	-67,95503
7,55000	-64,41830
7,55500	-63,39252
7,56000	-64,60100
7,56500	-67,43427
7,57000	-71,02214
7,57500	-74,24293
7,58000	-76,06753
7,58500	-75,81982
7,59000	-73,18300
7,59500	-68,05245
7,60000	-60,38561
7,60500	-50,28456
7,61000	-38,20029
7,61500	-25,18931
7,62000	-12,69286
7,62500	-1,80337
7,63000	7,05602
7,63500	14,05567
7,64000	19,57992
7,64500	23,56340
7,65000	25,49409
7,65500	24,91904
7,66000	21,80341
7,66500	16,67256
7,67000	10,36619
7,67500	3,81350
7,68000	-2,04779
7,68500	-6,19885
7,69000	-7,70764
7,69500	-6,27461
7,70000	-2,21551
7,70500	3,58090
7,71000	9,82397
7,71500	15,40570
7,72000	19,60148
7,72500	22,30777
7,73000	23,98758
7,73500	25,28099
7,74000	26,75626
7,74500	28,53693
7,75000	30,09297
7,75500	30,51023
7,76000	29,37221
7,76500	27,18174
7,77000	24,85947
7,77500	23,22947
7,78000	22,55365
7,78500	22,73800
7,79000	23,96409
7,79500	26,59528
7,80000	30,82908
7,80500	36,60925
7,81000	43,64509
7,81500	51,41245
7,82000	59,21870
7,82500	66,35921
7,83000	72,38288
7,83500	77,24873
7,84000	81,02566
7,84500	83,65689
7,85000	85,03653
7,85500	85,06154
7,86000	83,57667
7,86500	80,46417
7,87000	75,95758
7,87500	70,60715
7,88000	64,91984
7,88500	59,15530
7,89000	53,48789
7,89500	48,27492
7,90000	43,95118
7,90500	40,84399
7,91000	39,08032
7,91500	38,42504
7,92000	38,21254
7,92500	37,75562
7,93000	36,99506
7,93500	36,38762
7,94000	36,17884
7,94500	36,03854
7,95000	35,37389
7,95500	33,69700
7,96000	30,60020
7,96500	26,00304
7,97000	20,51811
7,97500	15,17341
7,98000	10,64583
7,98500	6,71057
7,99000	2,56806
7,99500	-2,35685
8,00000	-7,92709
8,00500	-13,32538
8,01000	-17,48404
8,01500	-19,68279
8,02000	-20,11328
8,02500	-19,81916
8,03000	-20,00593
8,03500	-21,37492
8,04000	-23,73082
8,04500	-26,19198
8,05000	-27,79425
8,05500	-27,86668
8,06000	-26,26361
8,06500	-23,42851
8,07000	-20,08670
8,07500	-16,92306
8,08000	-14,53781
8,08500	-13,52620
8,09000	-14,41658
8,09500	-17,29319
8,10000	-21,53162
8,10500	-26,18180
8,11000	-30,51381
8,11500	-34,16230
8,12000	-37,16890
8,12500	-39,93081
8,13000	-42,72692
8,13500	-45,35569
8,14000	-47,41941
8,14500	-48,71685
8,15000	-49,20968
8,15500	-48,93882
8,16000	-48,11576
8,16500	-47,06261
8,17000	-46,12096
8,17500	-45,62616
8,18000	-45,76763
8,18500	-46,31670
8,19000	-46,43482
8,19500	-45,18113
8,20000	-42,34998
8,20500	-38,51753
8,21000	-34,47734
8,21500	-30,75239
8,22000	-27,30737
8,22500	-23,52815
8,23000	-18,64946
8,23500	-12,46766
8,24000	-5,70089
8,24500	0,39905
8,25000	4,82422
8,25500	7,29790
8,26000	8,18375
8,26500	8,05896
8,27000	7,32303
8,27500	6,00480
8,28000	3,90373
8,28500	0,99171
8,29000	-2,45996
8,29500	-6,04058
8,30000	-9,25801
8,30500	-11,63031
8,31000	-12,81315
8,31500	-12,64835
8,32000	-11,29699
8,32500	-9,27955
8,33000	-7,26636
8,33500	-5,90533
8,34000	-5,79146
8,34500	-7,40361
8,35000	-10,90383
8,35500	-15,91868
8,36000	-21,51874
8,36500	-26,46708
8,37000	-29,64354
8,37500	-30,35272
8,38000	-28,40788
8,38500	-24,12478
8,39000	-18,10031
8,39500	-10,96010
8,40000	-3,40415
8,40500	3,77335
8,41000	9,79858
8,41500	14,04512
8,42000	16,33947
8,42500	17,18883
8,43000	17,63094
8,43500	18,78589
8,44000	21,27944
8,44500	24,92246
8,45000	28,74988
8,45500	31,35461
8,46000	31,68290
8,46500	29,83755
8,47000	26,98567
8,47500	24,40347
8,48000	22,70240
8,48500	21,78799
8,49000	21,23516
8,49500	20,69873
8,50000	19,98077
8,50500	18,82939
8,51000	16,92729
8,51500	14,13798
8,52000	10,88707
8,52500	8,23274
8,53000	7,22490
8,53500	8,15735
8,54000	10,57570
8,54500	14,01779
8,55000	18,64300
8,55500	25,04409
8,56000	33,44949
8,56500	43,05573
8,57000	52,04496
8,57500	58,37991
8,58000	60,78865
8,58500	59,14053
8,59000	54,20007
8,59500	47,18853
8,60000	39,24419
8,60500	31,10184
8,61000	23,44766
8,61500	17,24355
8,62000	13,19657
8,62500	11,19109
8,63000	10,53450
8,63500	10,51556
8,64000	10,69263
8,64500	10,87507
8,65000	10,91677
8,65500	10,49244
8,66000	9,06069
8,66500	6,13551
8,67000	1,57488
8,67500	-4,44243
8,68000	-11,41505
8,68500	-18,38278
8,69000	-24,13769
8,69500	-27,73042
8,70000	-28,85871
8,70500	-27,94977
8,71000	-26,00106
8,71500	-24,28082
8,72000	-23,75656
8,72500	-24,62816
8,73000	-26,40952
8,73500	-28,25423
8,74000	-29,31278
8,74500	-29,08292
8,75000	-27,73652
8,75500	-26,18209
8,76000	-25,50041
8,76500	-26,13594
8,77000	-27,52289
8,77500	-28,53832
8,78000	-28,31487
8,78500	-26,62307
8,79000	-23,90549
8,79500	-21,10156
8,80000	-19,25596
8,80500	-19,05238
8,81000	-20,48241
8,81500	-22,98144
8,82000	-25,84466
8,82500	-28,46687
8,83000	-30,49097
8,83500	-31,96238
8,84000	-33,29459
8,84500	-35,11785
8,85000	-37,90844
8,85500	-41,46620
8,86000	-44,79543
8,86500	-46,40493
8,87000	-45,06568
8,87500	-40,76543
8,88000	-34,83999
8,88500	-29,04532
8,89000	-24,52469
8,89500	-21,58909
8,90000	-20,04273
8,90500	-19,49795
8,91000	-19,52405
8,91500	-19,62596
8,92000	-19,28876
8,92500	-18,07081
8,93000	-15,71337
8,93500	-12,22269
8,94000	-7,79649
8,94500	-2,62852
8,95000	3,19351
8,95500	9,30441
8,96000	14,68640
8,96500	17,96623
8,97000	18,08424
8,97500	14,90395
8,98000	9,34079
8,98500	2,88950
8,99000	-2,98265
8,99500	-7,16714
9,00000	-9,00489
9,00500	-8,34369
9,01000	-5,54360
9,01500	-1,28633
9,02000	3,67752
9,02500	8,53003
9,03000	12,35454
9,03500	14,35394
9,04000	14,20765
9,04500	12,38574
9,05000	9,93997
9,05500	7,86916
9,06000	6,74848
9,06500	6,75146
9,07000	7,86466
9,07500	10,00132
9,08000	12,95539
9,08500	16,40377
9,09000	19,99306
9,09500	23,33395
9,10000	25,89986
9,10500	27,18924
9,11000	27,05682
9,11500	25,90141
9,12000	24,56797
9,12500	23,82128
9,13000	23,81043
9,13500	24,10575
9,14000	24,21742
9,14500	23,96339
9,15000	23,51962
9,15500	23,33248
9,16000	23,76272
9,16500	24,81094
9,17000	26,21812
9,17500	27,65377
9,18000	28,85740
9,18500	29,65116
9,19000	29,91036
9,19500	29,66620
9,20000	29,07417
9,20500	28,12645
9,21000	26,61152
9,21500	24,34487
9,22000	21,26011
9,22500	17,49748
9,23000	13,49501
9,23500	9,87664
9,24000	7,18694
9,24500	5,74241
9,25000	5,76589
9,25500	7,35889
9,26000	10,19740
9,26500	13,48401
9,27000	16,32871
9,27500	18,16568
9,28000	18,86762
9,28500	18,79841
9,29000	18,81953
9,29500	19,89821
9,30000	22,50696
9,30500	26,46140
9,31000	31,35148
9,31500	36,74875
9,32000	42,04475
9,32500	46,59455
9,33000	50,00171
9,33500	52,14022
9,34000	52,90775
9,34500	52,04027
9,35000	49,25110
9,35500	44,45958
9,36000	37,96127
9,36500	30,48687
9,37000	23,01576
9,37500	16,38100
9,38000	10,98831
9,38500	6,87452
9,39000	3,88516
9,39500	1,78096
9,40000	0,32868
9,40500	-0,62427
9,41000	-1,24828
9,41500	-1,83687
9,42000	-2,64005
9,42500	-3,64344
9,43000	-4,49077
9,43500	-4,64903
9,44000	-3,77853
9,44500	-1,96706
9,45000	0,29481
9,45500	2,30825
9,46000	3,44511
9,46500	3,38930
9,47000	2,19042
9,47500	0,18048
9,48000	-2,06147
9,48500	-3,70680
9,49000	-3,92938
9,49500	-2,48814
9,50000	0,00381
9,50500	2,31131
9,51000	3,02315
9,51500	1,24873
9,52000	-2,94443
9,52500	-8,75008
9,53000	-15,14321
9,53500	-21,32248
9,54000	-26,81236
9,54500	-31,25147
9,55000	-34,22307
9,55500	-35,37174
9,56000	-34,58242
9,56500	-32,12777
9,57000	-28,75399
9,57500	-25,43274
9,58000	-23,07517
9,58500	-22,29313
9,59000	-23,04553
9,59500	-24,65488
9,60000	-26,32380
9,60500	-27,68845
9,61000	-28,87709
9,61500	-30,06520
9,62000	-31,16142
9,62500	-31,81763
9,63000	-31,56140
9,63500	-30,04565
9,64000	-27,31360
9,64500	-23,81972
9,65000	-20,19146
9,65500	-17,01941
9,66000	-14,77390
9,66500	-13,65027
9,67000	-13,49297
9,67500	-14,10065
9,68000	-15,61860
9,68500	-18,51843
9,69000	-23,05469
9,69500	-28,76314
9,70000	-34,69256
9,70500	-40,04630
9,71000	-44,39888
9,71500	-47,37400
9,72000	-48,37301
9,72500	-46,77809
9,73000	-42,45750
9,73500	-35,96532
9,74000	-28,22134
9,74500	-20,23175
9,75000	-13,00389
9,75500	-7,45042
9,76000	-4,14551
9,76500	-3,03140
9,77000	-3,61918
9,77500	-5,26329
9,78000	-7,18664
9,78500	-8,73049
9,79000	-9,44493
9,79500	-8,99403
9,80000	-7,33514
9,80500	-4,86435
9,81000	-2,16159
9,81500	0,39128
9,82000	2,67172
9,82500	4,65015
9,83000	6,26797
9,83500	7,45036
9,84000	8,19696
9,84500	8,79292
9,85000	9,91099
9,85500	12,16526
9,86000	15,49622
9,86500	18,78101
9,87000	20,11964
9,87500	18,00545
9,88000	12,30192
9,88500	4,31733
9,89000	-3,92057
9,89500	-10,63430
9,90000	-14,82218
9,90500	-16,35479
9,91000	-15,80206
9,91500	-14,04879
9,92000	-11,81323
9,92500	-9,31558
9,93000	-6,36726
9,93500	-2,84472
9,94000	0,96452
9,94500	4,56957
9,95000	7,59298
9,95500	9,93933
9,96000	11,79339
9,96500	13,37570
9,97000	14,87751
9,97500	16,40200
9,98000	17,80294
9,98500	18,73750
9,99000	18,79182
9,99500	17,80735
10,00000	16,15675
10,00500	14,52580
10,01000	13,52066
10,01500	13,41124
10,02000	14,24543
10,02500	16,05991
10,03000	18,73248
10,03500	21,86120
10,04000	24,70185
10,04500	26,21124
10,05000	25,56890
10,05500	22,54356
10,06000	17,44920
10,06500	10,95714
10,07000	3,80800
10,07500	-3,27372
10,08000	-9,59314
10,08500	-14,60320
10,09000	-18,04150
10,09500	-19,94918
10,10000	-20,50943
10,10500	-19,88367
10,11000	-18,16267
10,11500	-15,57481
10,12000	-12,58801
10,12500	-9,77915
10,13000	-7,72581
10,13500	-6,72481
10,14000	-6,63885
10,14500	-7,00590
10,15000	-7,31252
10,15500	-7,40965
10,16000	-7,57553
10,16500	-8,31260
10,17000	-10,09605
10,17500	-13,05737
10,18000	-16,87535
10,18500	-20,94573
10,19000	-24,73411
10,19500	-28,03277
10,20000	-30,88498
10,20500	-33,29572
10,21000	-35,04517
10,21500	-35,80942
10,22000	-35,43042
10,22500	-34,09998
10,23000	-32,22464
10,23500	-30,07975
10,24000	-27,71474
10,24500	-25,07083
10,25000	-22,08730
10,25500	-18,78887
10,26000	-15,24208
10,26500	-11,57428
10,27000	-8,09520
10,27500	-5,11933
10,28000	-2,77471
10,28500	-1,04027
10,29000	0,21641
10,29500	1,14712
10,30000	1,91183
10,30500	2,76489
10,31000	4,05307
10,31500	6,11988
10,32000	9,09398
10,32500	12,78266
10,33000	16,77994
10,33500	20,65662
10,34000	24,11845
10,34500	26,96159
10,35000	29,03427
10,35500	30,30512
10,36000	30,81074
10,36500	30,64498
10,37000	29,98501
10,37500	29,03984
10,38000	28,06203
10,38500	27,31026
10,39000	26,95140
10,39500	26,98697
10,40000	27,18148
10,40500	27,13526
10,41000	26,44047
10,41500	24,79535
10,42000	22,19771
10,42500	19,06096
10,43000	16,03440
10,43500	13,75442
10,44000	12,60912
10,44500	12,53774
10,45000	13,12759
10,45500	13,88997
10,46000	14,54833
10,46500	15,20278
10,47000	16,14926
10,47500	17,58017
10,48000	19,33987
10,48500	20,92080
10,49000	21,77559
10,49500	21,55550
10,50000	20,26468
10,50500	18,27924
10,51000	16,16592
10,51500	14,54114
10,52000	13,79545
10,52500	13,72858
10,53000	13,59431
10,53500	12,68844
10,54000	10,96517
10,54500	9,11627
10,55000	8,13941
10,55500	8,67201
10,56000	10,53889
10,56500	12,85291
10,57000	14,52109
10,57500	14,85824
10,58000	13,84323
10,58500	11,85942
10,59000	9,41221
10,59500	7,10539
10,60000	5,61891
10,60500	5,49487
10,61000	6,92544
10,61500	9,67836
10,62000	13,14073
10,62500	16,56858
10,63000	19,37629
10,63500	21,21764
10,64000	21,92903
10,64500	21,45811
10,65000	19,86758
10,65500	17,37986
10,66000	14,30384
10,66500	10,89725
10,67000	7,33610
10,67500	3,75421
10,68000	0,28211
10,68500	-2,85242
10,69000	-5,26967
10,69500	-6,60120
10,70000	-6,68229
10,70500	-5,61189
10,71000	-3,75063
10,71500	-1,58170
10,72000	0,44828
10,72500	1,99564
10,73000	2,91509
10,73500	3,23406
10,74000	3,00942
10,74500	2,23912
10,75000	0,94154
10,75500	-0,63561
10,76000	-2,02937
10,76500	-2,78875
10,77000	-2,71399
10,77500	-1,93866
10,78000	-0,74401
10,78500	0,67318
10,79000	2,32188
10,79500	4,25923
10,80000	6,34626
10,80500	8,27669
10,81000	9,70015
10,81500	10,36941
10,82000	10,18608
10,82500	9,09916
10,83000	7,12003
10,83500	4,33238
10,84000	0,96614
10,84500	-2,45977
10,85000	-5,34643
10,85500	-7,29598
10,86000	-8,22507
10,86500	-8,36645
10,87000	-7,91206
10,87500	-6,82938
10,88000	-5,11874
10,88500	-3,05635
10,89000	-1,34835
10,89500	-0,88125
10,90000	-2,22964
10,90500	-5,34861
10,91000	-9,56065
10,91500	-14,01526
10,92000	-18,03069
10,92500	-21,07465
10,93000	-22,84263
10,93500	-23,35214
10,94000	-22,89939
10,94500	-21,87929
10,95000	-20,54539
10,95500	-18,96141
10,96000	-17,16128
10,96500	-15,23126
10,97000	-13,34185
10,97500	-11,81094
10,98000	-10,97624
10,98500	-10,97195
10,99000	-11,61143
10,99500	-12,49676
11,00000	-13,34840
11,00500	-14,16933
11,01000	-15,19728
11,01500	-16,71009
11,02000	-18,68719
11,02500	-20,76444
11,03000	-22,47993
11,03500	-23,55043
11,04000	-24,00941
11,04500	-24,01995
11,05000	-23,78552
11,05500	-23,54784
11,06000	-23,41712
11,06500	-23,39735
11,07000	-23,49428
11,07500	-23,71174
11,08000	-23,98105
11,08500	-24,12578
11,09000	-24,04759
11,09500	-23,84996
11,10000	-23,75110
11,10500	-23,90309
11,11000	-24,27475
11,11500	-24,78739
11,12000	-25,41898
11,12500	-26,13261
11,13000	-26,77234
11,13500	-27,00094
11,14000	-26,53039
11,14500	-25,47371
11,15000	-24,28791
11,15500	-23,36625
11,16000	-22,69593
11,16500	-21,86266
11,17000	-20,40821
11,17500	-18,21682
11,18000	-15,69833
11,18500	-13,63793
11,19000	-12,72332
11,19500	-13,15640
11,20000	-14,57838
11,20500	-16,29685
11,21000	-17,66065
11,21500	-18,29408
11,22000	-18,20847
11,22500	-17,73075
11,23000	-17,17635
11,23500	-16,56104
11,24000	-15,58393
11,24500	-13,91793
11,25000	-11,49105
11,25500	-8,39700
11,26000	-4,71331
11,26500	-0,57205
11,27000	3,73408
11,27500	7,81025
11,28000	11,27336
11,28500	13,87904
11,29000	15,62197
11,29500	16,69407
11,30000	17,30041
11,30500	17,48344
11,31000	17,11466
11,31500	16,05166
11,32000	14,30234
11,32500	12,07172
11,33000	9,80047
11,33500	8,15175
11,34000	7,75258
11,34500	8,86848
11,35000	11,22171
11,35500	14,09283
11,36000	16,70299
11,36500	18,52938
11,37000	19,37752
11,37500	19,28140
11,38000	18,36243
11,38500	16,70111
11,39000	14,27795
11,39500	11,15141
11,40000	7,69068
11,40500	4,57737
11,41000	2,64302
11,41500	2,64126
11,42000	4,92000
11,42500	9,14465
11,43000	14,42288
11,43500	19,79591
11,44000	24,66176
11,44500	28,85558
11,45000	32,47144
11,45500	35,65449
11,46000	38,46727
11,46500	40,82599
11,47000	42,48343
11,47500	43,09345
11,48000	42,41405
11,48500	40,53866
11,49000	37,92979
11,49500	35,17818
11,50000	32,68580
11,50500	30,56951
11,51000	28,82033
11,51500	27,48089
11,52000	26,70331
11,52500	26,63397
11,53000	27,20512
11,53500	28,12270
11,54000	29,04153
11,54500	29,70299
11,55000	29,95716
11,55500	29,65303
11,56000	28,54632
11,56500	26,38530
11,57000	23,12680
11,57500	19,10669
11,58000	14,92965
11,58500	11,17649
11,59000	8,26169
11,59500	6,38643
11,60000	5,46788
11,60500	5,19690
11,61000	5,25252
11,61500	5,51758
11,62000	6,10636
11,62500	7,13594
11,63000	8,48945
11,63500	9,83269
11,64000	10,83526
11,64500	11,37038
11,65000	11,56403
11,65500	11,67970
11,66000	11,87510
11,66500	12,09984
11,67000	12,15055
11,67500	11,73185
11,68000	10,64614
11,68500	8,84911
11,69000	6,36058
11,69500	3,28145
11,70000	-0,23974
11,70500	-4,00190
11,71000	-7,64396
11,71500	-10,66247
11,72000	-12,73800
11,72500	-13,87097
11,73000	-14,17999
11,73500	-13,87481
11,74000	-13,12536
11,74500	-12,07177
11,75000	-10,99375
11,75500	-10,22123
11,76000	-10,12386
11,76500	-10,97555
11,77000	-12,77789
11,77500	-15,20315
11,78000	-17,68790
11,78500	-19,76452
11,79000	-21,16702
11,79500	-21,80074
11,80000	-21,60590
11,80500	-20,50562
11,81000	-18,64472
11,81500	-16,43865
11,82000	-14,47437
11,82500	-13,29113
11,83000	-13,13128
11,83500	-13,89984
11,84000	-15,27921
11,84500	-16,99889
11,85000	-18,99088
11,85500	-21,31421
11,86000	-23,96194
11,86500	-26,73468
11,87000	-29,36136
11,87500	-31,59133
11,88000	-33,13649
11,88500	-33,66111
11,89000	-32,93713
11,89500	-31,04005
11,90000	-28,32376
11,90500	-25,27430
11,91000	-22,32612
11,91500	-19,73022
11,92000	-17,69606
11,92500	-16,41839
11,93000	-15,86297
11,93500	-15,68914
11,94000	-15,32725
11,94500	-14,33810
11,95000	-12,77166
11,95500	-11,05351
11,96000	-9,66999
11,96500	-8,82569
11,97000	-8,30545
11,97500	-7,67032
11,98000	-6,51234
11,98500	-4,79156
11,99000	-2,92933
11,99500	-1,47973
12,00000	-0,78513
12,00500	-0,73971
12,01000	-0,92805
12,01500	-1,04602
12,02000	-1,05520
12,02500	-1,12269
12,03000	-1,49949
12,03500	-2,33787
12,04000	-3,51249
12,04500	-4,55920
12,05000	-4,90756
12,05500	-4,20242
12,06000	-2,44034
12,06500	0,01393
12,07000	2,56511
12,07500	4,63489
12,08000	5,81983
12,08500	6,00165
12,09000	5,39337
12,09500	4,41759
12,10000	3,51910
12,10500	3,00401
12,11000	2,98846
12,11500	3,45085
12,12000	4,23641
12,12500	5,08242
12,13000	5,71932
12,13500	5,97436
12,14000	5,86832
12,14500	5,64088
12,15000	5,67750
12,15500	6,29962
12,16000	7,52494
12,16500	9,07292
12,17000	10,59237
12,17500	11,83679
12,18000	12,61514
12,18500	12,72913
12,19000	12,02806
12,19500	10,43318
12,20000	8,02021
12,20500	5,04004
12,21000	1,79689
12,21500	-1,36209
12,22000	-4,06710
12,22500	-5,98825
12,23000	-6,87639
12,23500	-6,70192
12,24000	-5,68515
12,24500	-4,15760
12,25000	-2,44330
12,25500	-0,77524
12,26000	0,70585
12,26500	1,92607
12,27000	2,86231
12,27500	3,43084
12,28000	3,48130
12,28500	2,89511
12,29000	1,60897
12,29500	-0,30429
12,30000	-2,65704
12,30500	-5,23474
12,31000	-7,73600
12,31500	-9,79078
12,32000	-11,02948
12,32500	-11,14169
12,33000	-9,98139
12,33500	-7,64809
12,34000	-4,47959
12,34500	-0,88886
12,35000	2,77099
12,35500	6,17759
12,36000	8,95549
12,36500	10,67831
12,37000	11,01261
12,37500	9,95802
12,38000	8,00215
12,38500	5,85361
12,39000	3,99412
12,39500	2,48608
12,40000	1,09951
12,40500	-0,30686
12,41000	-1,62502
12,41500	-2,60187
12,42000	-2,95913
12,42500	-2,63388
12,43000	-1,83770
12,43500	-0,85424
12,44000	0,10017
12,44500	0,91152
12,45000	1,50106
12,45500	1,76894
12,46000	1,68114
12,46500	1,32826
12,47000	0,92670
12,47500	0,78811
12,48000	1,10310
12,48500	1,84493
12,49000	2,87115
12,49500	3,96843
12,50000	4,92879
12,50500	5,51151
12,51000	5,45873
12,51500	4,70409
12,52000	3,42504
12,52500	2,00424
12,53000	0,89808
12,53500	0,42128
12,54000	0,69679
12,54500	1,74421
12,55000	3,50602
12,55500	5,73652
12,56000	7,94016
12,56500	9,52849
12,57000	10,12267
12,57500	9,69764
12,58000	8,48789
12,58500	6,84443
12,59000	5,08284
12,59500	3,40889
12,60000	1,95074
12,60500	0,74811
12,61000	-0,26754
12,61500	-1,15274
12,62000	-1,83253
12,62500	-2,08519
12,63000	-1,61639
12,63500	-0,29613
12,64000	1,71706
12,64500	4,04707
12,65000	6,25363
12,65500	8,06858
12,66000	9,41162
12,66500	10,27983
12,67000	10,72833
12,67500	10,82418
12,68000	10,58894
12,68500	9,96388
12,69000	8,91908
12,69500	7,59073
12,70000	6,28359
12,70500	5,43997
12,71000	5,45268
12,71500	6,41371
12,72000	8,05931
12,72500	9,93002
12,73000	11,65510
12,73500	13,08482
12,74000	14,17795
12,74500	14,84229
12,75000	14,91521
12,75500	14,29510
12,76000	13,02211
12,76500	11,23225
12,77000	9,07526
12,77500	6,67609
12,78000	4,15977
12,78500	1,67620
12,79000	-0,60895
12,79500	-2,54665
12,80000	-4,05093
12,80500	-5,14647
12,81000	-5,96592
12,81500	-6,63291
12,82000	-7,11625
12,82500	-7,19380
12,83000	-6,56843
12,83500	-5,12890
12,84000	-3,16939
12,84500	-1,33668
12,85000	-0,35265
12,85500	-0,65986
12,86000	-2,16928
12,86500	-4,34820
12,87000	-6,56958
12,87500	-8,39249
12,88000	-9,60995
12,88500	-10,14549
12,89000	-9,95113
12,89500	-8,96048
12,90000	-7,18711
12,90500	-4,89187
12,91000	-2,56213
12,91500	-0,75438
12,92000	0,09623
12,92500	-0,17158
12,93000	-1,45483
12,93500	-3,48074
12,94000	-5,89884
12,94500	-8,35895
12,95000	-10,56486
12,95500	-12,29135
12,96000	-13,40874
12,96500	-13,95010
12,97000	-14,07627
12,97500	-13,94428
12,98000	-13,64733
12,98500	-13,25290
12,99000	-12,88984
12,99500	-12,77559
13,00000	-13,08521
13,00500	-13,75441
13,01000	-14,47171
13,01500	-14,89376
13,02000	-14,81905
13,02500	-14,20477
13,03000	-13,08389
13,03500	-11,45341
13,04000	-9,24973
13,04500	-6,46279
13,05000	-3,27871
13,05500	-0,07319
13,06000	2,75048
13,06500	4,90554
13,07000	6,25056
13,07500	6,75170
13,08000	6,46091
13,08500	5,52939
13,09000	4,20596
13,09500	2,80393
13,10000	1,65783
13,10500	1,03149
13,11000	1,00489
13,11500	1,45014
13,12000	2,09287
13,12500	2,63514
13,13000	2,91115
13,13500	2,94603
13,14000	2,89648
13,14500	2,97322
13,15000	3,38360
13,15500	4,29191
13,16000	5,75867
13,16500	7,64087
13,17000	9,56555
13,17500	11,06184
13,18000	11,77449
13,18500	11,62206
13,19000	10,82531
13,19500	9,81101
13,20000	9,02789
13,20500	8,76713
13,21000	9,06629
13,21500	9,69966
13,22000	10,28194
13,22500	10,46553
13,23000	10,08418
13,23500	9,16460
13,24000	7,89236
13,24500	6,52991
13,25000	5,26030
13,25500	4,14284
13,26000	3,21385
13,26500	2,56306
13,27000	2,33379
13,27500	2,62339
13,28000	3,35755
13,28500	4,26773
13,29000	4,94184
13,29500	4,96358
13,30000	4,15443
13,30500	2,67483
13,31000	0,86787
13,31500	-0,89143
13,32000	-2,21811
13,32500	-2,78714
13,33000	-2,47557
13,33500	-1,41342
13,34000	0,10543
13,34500	1,75516
13,35000	3,25465
13,35500	4,39580
13,36000	5,07231
13,36500	5,26008
13,37000	4,95026
13,37500	4,16260
13,38000	3,02420
13,38500	1,77835
13,39000	0,69427
13,39500	-0,03432
13,40000	-0,31335
13,40500	-0,15018
13,41000	0,31260
13,41500	0,83730
13,42000	1,21862
13,42500	1,35356
13,43000	1,18486
13,43500	0,61210
13,44000	-0,49271
13,44500	-2,17324
13,45000	-4,29023
13,45500	-6,51068
13,46000	-8,41583
13,46500	-9,67212
13,47000	-10,12775
13,47500	-9,79635
13,48000	-8,82951
13,48500	-7,48258
13,49000	-6,01839
13,49500	-4,63568
13,50000	-3,48594
13,50500	-2,70796
13,51000	-2,43745
13,51500	-2,78115
13,52000	-3,72814
13,52500	-5,07049
13,53000	-6,42352
13,53500	-7,33108
13,54000	-7,42507
13,54500	-6,54774
13,55000	-4,77472
13,55500	-2,42796
13,56000	-0,06171
13,56500	1,69724
13,57000	2,39647
13,57500	1,92475
13,58000	0,48856
13,58500	-1,56868
13,59000	-3,89167
13,59500	-6,12904
13,60000	-7,98528
13,60500	-9,26038
13,61000	-9,83788
13,61500	-9,71937
13,62000	-9,06729
13,62500	-8,15663
13,63000	-7,24078
13,63500	-6,47633
13,64000	-5,99336
13,64500	-5,92988
13,65000	-6,28890
13,65500	-6,81754
13,66000	-7,12091
13,66500	-6,89606
13,67000	-6,06955
13,67500	-4,78938
13,68000	-3,34730
13,68500	-2,06975
13,69000	-1,17003
13,69500	-0,67052
13,70000	-0,48887
13,70500	-0,57324
13,71000	-0,95028
13,71500	-1,66879
13,72000	-2,69526
13,72500	-3,84727
13,73000	-4,84163
13,73500	-5,44715
13,74000	-5,60526
13,74500	-5,44362
13,75000	-5,20030
13,75500	-5,08773
13,76000	-5,21859
13,76500	-5,59686
13,77000	-6,10130
13,77500	-6,54328
13,78000	-6,77661
13,78500	-6,77486
13,79000	-6,64966
13,79500	-6,54171
13,80000	-6,46729
13,80500	-6,28477
13,81000	-5,80276
13,81500	-4,93121
13,82000	-3,74515
13,82500	-2,43860
13,83000	-1,22025
13,83500	-0,20124
13,84000	0,64419
13,84500	1,41681
13,85000	2,21269
13,85500	3,07429
13,86000	3,93906
13,86500	4,66731
13,87000	5,19501
13,87500	5,61956
13,88000	6,11351
13,88500	6,77654
13,89000	7,57881
13,89500	8,43693
13,90000	9,30115
13,90500	10,18530
13,91000	11,12236
13,91500	12,06228
13,92000	12,86016
13,92500	13,36080
13,93000	13,47333
13,93500	13,22600
13,94000	12,71869
13,94500	12,01099
13,95000	11,14282
13,95500	10,20099
13,96000	9,30453
13,96500	8,57215
13,97000	8,07253
13,97500	7,82146
13,98000	7,86623
13,98500	8,30502
13,99000	9,21645
13,99500	10,56457
14,00000	12,09975
14,00500	13,40710
14,01000	14,14238
14,01500	14,21721
14,02000	13,78876
14,02500	13,07948
14,03000	12,16350
14,03500	10,93542
14,04000	9,25617
14,04500	7,11293
14,05000	4,70480
14,05500	2,36227
14,06000	0,33447
14,06500	-1,32851
14,07000	-2,70677
14,07500	-3,90124
14,08000	-4,98450
14,08500	-5,96240
14,09000	-6,71515
14,09500	-6,96240
14,10000	-6,35255
14,10500	-4,69212
14,11000	-2,12374
14,11500	0,88389
14,12000	3,71795
14,12500	5,89126
14,13000	7,20911
14,13500	7,74582
14,14000	7,73194
14,14500	7,42676
14,15000	7,00558
14,15500	6,51749
14,16000	5,93084
14,16500	5,24090
14,17000	4,55910
14,17500	4,07788
14,18000	3,96127
14,18500	4,25883
14,19000	4,87157
14,19500	5,61459
14,20000	6,31401
14,20500	6,81975
14,21000	6,97223
14,21500	6,62492
14,22000	5,70609
14,22500	4,24432
14,23000	2,34577
14,23500	0,16498
14,24000	-2,09628
14,24500	-4,20160
14,25000	-5,93297
14,25500	-7,13105
14,26000	-7,71344
14,26500	-7,72451
14,27000	-7,37598
14,27500	-6,96206
14,28000	-6,70289
14,28500	-6,67877
14,29000	-6,86844
14,29500	-7,18080
14,30000	-7,44587
14,30500	-7,48130
14,31000	-7,22841
14,31500	-6,76235
14,32000	-6,17054
14,32500	-5,47897
14,33000	-4,66914
14,33500	-3,72535
14,34000	-2,68224
14,34500	-1,64196
14,35000	-0,76222
14,35500	-0,21650
14,36000	-0,12672
14,36500	-0,55979
14,37000	-1,57729
14,37500	-3,20798
14,38000	-5,39974
14,38500	-8,03495
14,39000	-10,91364
14,39500	-13,70928
14,40000	-15,99708
14,40500	-17,33216
14,41000	-17,36882
14,41500	-16,04129
14,42000	-13,66280
14,42500	-10,78866
14,43000	-7,98835
14,43500	-5,73549
14,44000	-4,36007
14,44500	-4,00610
14,45000	-4,64365
14,45500	-6,12116
14,46000	-8,22290
14,46500	-10,66040
14,47000	-13,03749
14,47500	-14,94548
14,48000	-16,09683
14,48500	-16,36329
14,49000	-15,75651
14,49500	-14,37033
14,50000	-12,34321
14,50500	-9,87670
14,51000	-7,26705
14,51500	-4,86036
14,52000	-2,87946
14,52500	-1,33522
14,53000	-0,17595
14,53500	0,53461
14,54000	0,64710
14,54500	0,12554
14,55000	-0,84312
14,55500	-1,96041
14,56000	-2,99313
14,56500	-3,82089
14,57000	-4,35140
14,57500	-4,44028
14,58000	-3,91160
14,58500	-2,65364
14,59000	-0,69649
14,59500	1,73666
14,60000	4,22648
14,60500	6,32032
14,61000	7,75620
14,61500	8,53076
14,62000	8,83860
14,62500	8,96800
14,63000	9,16933
14,63500	9,57142
14,64000	10,17969
14,64500	10,89986
14,65000	11,58912
14,65500	12,13482
14,66000	12,51257
14,66500	12,78413
14,67000	13,00214
14,67500	13,11874
14,68000	13,01062
14,68500	12,57520
14,69000	11,83831
14,69500	11,00466
14,70000	10,39183
14,70500	10,27115
14,71000	10,71994
14,71500	11,62128
14,72000	12,76607
14,72500	13,91428
14,73000	14,81109
14,73500	15,21434
14,74000	14,95048
14,74500	13,97073
14,75000	12,36555
14,75500	10,32040
14,76000	8,05431
14,76500	5,81148
14,77000	3,88387
14,77500	2,57438
14,78000	2,09500
14,78500	2,48846
14,79000	3,60851
14,79500	5,14380
14,80000	6,71531
14,80500	8,02125
14,81000	8,90165
14,81500	9,27272
14,82000	9,04561
14,82500	8,14168
14,83000	6,58427
14,83500	4,56025
14,84000	2,34956
14,84500	0,16358
14,85000	-1,92296
14,85500	-3,91223
14,86000	-5,82172
14,86500	-7,61807
14,87000	-9,16712
14,87500	-10,29841
14,88000	-10,92025
14,88500	-11,09255
14,89000	-11,01122
14,89500	-10,90489
14,90000	-10,92396
14,90500	-11,07271
14,91000	-11,26135
14,91500	-11,45065
14,92000	-11,69666
14,92500	-12,06126
14,93000	-12,51827
14,93500	-12,95892
14,94000	-13,29430
14,94500	-13,55008
14,95000	-13,86526
14,95500	-14,38687
14,96000	-15,13330
14,96500	-15,94999
14,97000	-16,59661
14,97500	-16,87801
14,98000	-16,73085
14,98500	-16,20653
14,99000	-15,37852
14,99500	-14,30976
15,00000	-13,10186
15,00500	-11,92981
15,01000	-11,00985
15,01500	-10,51917
15,02000	-10,52518
15,02500	-10,95893
15,03000	-11,63793
15,03500	-12,31986
15,04000	-12,75902
15,04500	-12,76398
15,05000	-12,24822
15,05500	-11,25426
15,06000	-9,93956
15,06500	-8,49873
15,07000	-7,04509
15,07500	-5,57796
15,08000	-4,09208
15,08500	-2,69960
15,09000	-1,61512
15,09500	-1,00288
15,10000	-0,84778
15,10500	-0,98106
15,11000	-1,17485
15,11500	-1,21534
15,12000	-0,96354
15,12500	-0,35676
15,13000	0,62828
15,13500	1,95436
15,14000	3,46952
15,14500	4,92030
15,15000	6,06957
15,15500	6,81104
15,16000	7,16004
15,16500	7,17890
15,17000	6,93361
15,17500	6,48521
15,18000	5,91133
15,18500	5,32512
15,19000	4,85874
15,19500	4,64395
15,20000	4,77939
15,20500	5,28356
15,21000	6,09778
15,21500	7,12474
15,22000	8,24796
15,22500	9,35920
15,23000	10,40521
15,23500	11,37457
15,24000	12,24116
15,24500	12,96226
15,25000	13,49386
15,25500	13,77028
15,26000	13,68740
15,26500	13,13796
15,27000	12,09927
15,27500	10,70616
15,28000	9,25909
15,28500	8,15369
15,29000	7,72301
15,29500	8,07333
15,30000	9,04488
15,30500	10,30000
15,31000	11,46788
15,31500	12,29344
15,32000	12,69995
15,32500	12,73931
15,33000	12,48824
15,33500	11,97541
15,34000	11,20079
15,34500	10,18990
15,35000	9,04381
15,35500	7,97063
15,36000	7,25769
15,36500	7,19161
15,37000	7,91311
15,37500	9,30584
15,38000	11,05745
15,38500	12,77978
15,39000	14,10731
15,39500	14,81459
15,40000	14,88171
15,40500	14,48058
15,41000	13,88022
15,41500	13,27069
15,42000	12,65396
15,42500	11,86556
15,43000	10,67406
15,43500	8,92993
15,44000	6,68665
15,44500	4,23928
15,45000	2,03325
15,45500	0,44950
15,46000	-0,37167
15,46500	-0,56227
15,47000	-0,43264
15,47500	-0,30229
15,48000	-0,35126
15,48500	-0,56343
15,49000	-0,76845
15,49500	-0,75957
15,50000	-0,41716
15,50500	0,22145
15,51000	0,97123
15,51500	1,60779
15,52000	1,99824
15,52500	2,14176
15,53000	2,10438
15,53500	1,91312
15,54000	1,50900
15,54500	0,79085
15,55000	-0,30347
15,55500	-1,73586
15,56000	-3,36677
15,56500	-4,99195
15,57000	-6,37820
15,57500	-7,30732
15,58000	-7,63418
15,58500	-7,36483
15,59000	-6,70738
15,59500	-5,97971
15,60000	-5,43025
15,60500	-5,14572
15,61000	-5,08016
15,61500	-5,16444
15,62000	-5,42245
15,62500	-5,97914
15,63000	-6,93634
15,63500	-8,23465
15,64000	-9,63269
15,64500	-10,82087
15,65000	-11,59400
15,65500	-11,95006
15,66000	-12,05061
15,66500	-12,09768
15,67000	-12,18638
15,67500	-12,25475
15,68000	-12,17835
15,68500	-11,87323
15,69000	-11,33865
15,69500	-10,64605
15,70000	-9,89560
15,70500	-9,18497
15,71000	-8,59001
15,71500	-8,16458
15,72000	-7,95682
15,72500	-8,00198
15,73000	-8,30679
15,73500	-8,85741
15,74000	-9,61476
15,74500	-10,47626
15,75000	-11,25832
15,75500	-11,74614
15,76000	-11,79085
15,76500	-11,38562
15,77000	-10,67588
15,77500	-9,89792
15,78000	-9,25944
15,78500	-8,85086
15,79000	-8,67714
15,79500	-8,74933
15,80000	-9,09933
15,80500	-9,70372
15,81000	-10,41415
15,81500	-10,96072
15,82000	-11,05992
15,82500	-10,59459
15,83000	-9,71211
15,83500	-8,72174
15,84000	-7,86446
15,84500	-7,15803
15,85000	-6,45663
15,85500	-5,63694
15,86000	-4,69901
15,86500	-3,73201
15,87000	-2,82859
15,87500	-2,01022
15,88000	-1,23221
15,88500	-0,45046
15,89000	0,35223
15,89500	1,19103
15,90000	2,09938
15,90500	3,09037
15,91000	4,08943
15,91500	4,95436
15,92000	5,59240
15,92500	6,06233
15,93000	6,55410
15,93500	7,25091
15,94000	8,20213
15,94500	9,29286
15,95000	10,31694
15,95500	11,10676
15,96000	11,59072
15,96500	11,74913
15,97000	11,56804
15,97500	11,01714
15,98000	10,07210
15,98500	8,79147
15,99000	7,33956
15,99500	5,92256
16,00000	4,70757
16,00500	3,76892
16,01000	3,10380
16,01500	2,68295
16,02000	2,47120
16,02500	2,42473
16,03000	2,45149
16,03500	2,37648
16,04000	2,02813
16,04500	1,36501
16,05000	0,50626
16,05500	-0,32030
16,06000	-0,89762
16,06500	-1,11745
16,07000	-0,96452
16,07500	-0,46960
16,08000	0,31140
16,08500	1,31905
16,09000	2,49441
16,09500	3,74564
16,10000	4,93427
16,10500	5,88981
16,11000	6,41277
16,11500	6,31501
16,12000	5,51637
16,12500	4,12320
16,13000	2,42858
16,13500	0,82139
16,14000	-0,34786
16,14500	-0,86601
16,15000	-0,71181
16,15500	-0,06819
16,16000	0,76162
16,16500	1,48283
16,17000	1,88545
16,17500	1,87420
16,18000	1,47775
16,18500	0,83833
16,19000	0,15546
16,19500	-0,40378
16,20000	-0,73324
16,20500	-0,73384
16,21000	-0,27930
16,21500	0,72746
16,22000	2,26240
16,22500	4,12457
16,23000	5,94195
16,23500	7,29238
16,24000	7,91365
16,24500	7,83993
16,25000	7,36812
16,25500	6,87147
16,26000	6,57428
16,26500	6,46155
16,27000	6,36166
16,27500	6,09371
16,28000	5,56203
16,28500	4,76943
16,29000	3,79659
16,29500	2,77550
16,30000	1,86861
16,30500	1,23967
16,31000	1,00226
16,31500	1,17089
16,32000	1,64913
16,32500	2,27560
16,33000	2,86646
16,33500	3,21843
16,34000	3,17115
16,34500	2,71843
16,35000	2,01491
16,35500	1,28034
16,36000	0,72381
16,36500	0,50750
16,37000	0,71605
16,37500	1,33987
16,38000	2,28310
16,38500	3,36338
16,39000	4,31082
16,39500	4,84568
16,40000	4,79590
16,40500	4,13688
16,41000	2,96447
16,41500	1,44663
16,42000	-0,21438
16,42500	-1,78201
16,43000	-3,03604
16,43500	-3,88130
16,44000	-4,36335
16,44500	-4,59232
16,45000	-4,66945
16,45500	-4,64032
16,46000	-4,51688
16,46500	-4,34837
16,47000	-4,24427
16,47500	-4,32365
16,48000	-4,64508
16,48500	-5,18670
16,49000	-5,88713
16,49500	-6,69063
16,50000	-7,53609
16,50500	-8,29984
16,51000	-8,79082
16,51500	-8,82756
16,52000	-8,32276
16,52500	-7,33458
16,53000	-6,04863
16,53500	-4,67336
16,54000	-3,34277
16,54500	-2,12804
16,55000	-1,12166
16,55500	-0,46419
16,56000	-0,26619
16,56500	-0,50863
16,57000	-1,01600
16,57500	-1,52739
16,58000	-1,83188
16,58500	-1,88156
16,59000	-1,78022
16,59500	-1,66186
16,60000	-1,59248
16,60500	-1,58194
16,61000	-1,65210
16,61500	-1,85314
16,62000	-2,21572
16,62500	-2,71077
16,63000	-3,25727
16,63500	-3,75347
16,64000	-4,08459
16,64500	-4,15005
16,65000	-3,97139
16,65500	-3,74662
16,66000	-3,72031
16,66500	-4,00687
16,67000	-4,54576
16,67500	-5,17834
16,68000	-5,73360
16,68500	-6,07064
16,69000	-6,10293
16,69500	-5,81246
16,70000	-5,24648
16,70500	-4,51415
16,71000	-3,76842
16,71500	-3,13543
16,72000	-2,64010
16,72500	-2,21438
16,73000	-1,77998
16,73500	-1,31869
16,74000	-0,86607
16,74500	-0,46753
16,75000	-0,14585
16,75500	0,13050
16,76000	0,43801
16,76500	0,82930
16,77000	1,29762
16,77500	1,80757
16,78000	2,32867
16,78500	2,84554
16,79000	3,36026
16,79500	3,88459
16,80000	4,39789
16,80500	4,81418
16,81000	5,02877
16,81500	4,99085
16,82000	4,74027
16,82500	4,41896
16,83000	4,22751
16,83500	4,32243
16,84000	4,72341
16,84500	5,29185
16,85000	5,80496
16,85500	6,06691
16,86000	5,98027
16,86500	5,57030
16,87000	4,94910
16,87500	4,23223
16,88000	3,48222
16,88500	2,72506
16,89000	2,02035
16,89500	1,49001
16,90000	1,26829
16,90500	1,44997
16,91000	2,06255
16,91500	3,04554
16,92000	4,26194
16,92500	5,53755
16,93000	6,67342
16,93500	7,44611
16,94000	7,67893
16,94500	7,36331
16,95000	6,69703
16,95500	5,98687
16,96000	5,51530
16,96500	5,45049
16,97000	5,81029
16,97500	6,50086
16,98000	7,39132
16,98500	8,37385
16,99000	9,40385
16,99500	10,47606
17,00000	11,53376
17,00500	12,43143
17,01000	12,99287
17,01500	13,06439
17,02000	12,56649
17,02500	11,55977
17,03000	10,22360
17,03500	8,76293
17,04000	7,34458
17,04500	6,08410
17,05000	5,06125
17,05500	4,34418
17,06000	3,99399
17,06500	4,02782
17,07000	4,37243
17,07500	4,84877
17,08000	5,22011
17,08500	5,28886
17,09000	4,94611
17,09500	4,17340
17,10000	3,05993
17,10500	1,79832
17,11000	0,61118
17,11500	-0,35786
17,12000	-1,08613
17,12500	-1,59723
17,13000	-1,89140
17,13500	-1,97923
17,14000	-1,93017
17,14500	-1,87585
17,15000	-1,98473
17,15500	-2,39291
17,16000	-3,13031
17,16500	-4,08330
17,17000	-5,00165
17,17500	-5,59248
17,18000	-5,65748
17,18500	-5,18824
17,19000	-4,39341
17,19500	-3,59616
17,20000	-3,06714
17,20500	-2,94874
17,21000	-3,23651
17,21500	-3,80150
17,22000	-4,47802
17,22500	-5,12330
17,23000	-5,65218
17,23500	-6,05363
17,24000	-6,32203
17,24500	-6,39003
17,25000	-6,15385
17,25500	-5,53332
17,26000	-4,52483
17,26500	-3,26373
17,27000	-2,04151
17,27500	-1,19173
17,28000	-0,91131
17,28500	-1,17209
17,29000	-1,77819
17,29500	-2,49537
17,30000	-3,13911
17,30500	-3,59323
17,31000	-3,81868
17,31500	-3,88160
17,32000	-3,95074
17,32500	-4,21454
17,33000	-4,76949
17,33500	-5,57924
17,34000	-6,51274
17,34500	-7,41148
17,35000	-8,14302
17,35500	-8,62193
17,36000	-8,83574
17,36500	-8,85071
17,37000	-8,74357
17,37500	-8,54575
17,38000	-8,25211
17,38500	-7,84022
17,39000	-7,29713
17,39500	-6,64558
17,40000	-5,93910
17,40500	-5,24096
17,41000	-4,60320
17,41500	-4,05769
17,42000	-3,62089
17,42500	-3,26875
17,43000	-2,90152
17,43500	-2,39699
17,44000	-1,72383
17,44500	-0,98241
17,45000	-0,34590
17,45500	0,02397
17,46000	0,03549
17,46500	-0,30539
17,47000	-0,91244
17,47500	-1,66745
17,48000	-2,45221
17,48500	-3,16934
17,49000	-3,75905
17,49500	-4,19577
17,50000	-4,46161
17,50500	-4,51178
17,51000	-4,29429
17,51500	-3,81403
17,52000	-3,13649
17,52500	-2,34334
17,53000	-1,52933
17,53500	-0,83508
17,54000	-0,44869
17,54500	-0,53190
17,55000	-1,10754
17,55500	-2,01814
17,56000	-3,00830
17,56500	-3,86651
17,57000	-4,50157
17,57500	-4,88558
17,58000	-4,95821
17,58500	-4,60553
17,59000	-3,72488
17,59500	-2,32710
17,60000	-0,56891
17,60500	1,29800
17,61000	2,97772
17,61500	4,17860
17,62000	4,67704
17,62500	4,37813
17,63000	3,35280
17,63500	1,83250
17,64000	0,14692
17,64500	-1,38189
17,65000	-2,53833
17,65500	-3,25916
17,66000	-3,59588
17,66500	-3,63718
17,67000	-3,48430
17,67500	-3,26649
17,68000	-3,12815
17,68500	-3,18346
17,69000	-3,47554
17,69500	-3,96297
17,70000	-4,53324
17,70500	-5,04673
17,71000	-5,41215
17,71500	-5,65171
17,72000	-5,90258
17,72500	-6,33906
17,73000	-7,04348
17,73500	-7,91985
17,74000	-8,72677
17,74500	-9,19041
17,75000	-9,14570
17,75500	-8,63074
17,76000	-7,83501
17,76500	-6,97185
17,77000	-6,19507
17,77500	-5,56305
17,78000	-5,04829
17,78500	-4,56407
17,79000	-3,98998
17,79500	-3,25216
17,80000	-2,40726
17,80500	-1,62115
17,81000	-1,06709
17,81500	-0,81333
17,82000	-0,78263
17,82500	-0,84397
17,83000	-0,92291
17,83500	-1,01360
17,84000	-1,12862
17,84500	-1,23382
17,85000	-1,20860
17,85500	-0,87941
17,86000	-0,09609
17,86500	1,21057
17,87000	3,00427
17,87500	5,15267
17,88000	7,45022
17,88500	9,62769
17,89000	11,39397
17,89500	12,53224
17,90000	12,98795
17,90500	12,88495
17,91000	12,44712
17,91500	11,88119
17,92000	11,30406
17,92500	10,74642
17,93000	10,19610
17,93500	9,62466
17,94000	9,00963
17,94500	8,36817
17,95000	7,77266
17,95500	7,33069
17,96000	7,12982
17,96500	7,18127
17,97000	7,40616
17,97500	7,66923
17,98000	7,84464
17,98500	7,87439
17,99000	7,76224
17,99500	7,50480
18,00000	7,04460
18,00500	6,30378
18,01000	5,26591
18,01500	4,02558
18,02000	2,76616
18,02500	1,70996
18,03000	1,06191
18,03500	0,93137
18,04000	1,28228
18,04500	1,96366
18,05000	2,79745
18,05500	3,66018
18,06000	4,49743
18,06500	5,27884
18,07000	5,95695
18,07500	6,45798
18,08000	6,70337
18,08500	6,66186
18,09000	6,39024
18,09500	6,01538
18,10000	5,67980
18,10500	5,47979
18,11000	5,41793
18,11500	5,39932
18,12000	5,26274
18,12500	4,85471
18,13000	4,13448
18,13500	3,21345
18,14000	2,28795
18,14500	1,53225
18,15000	1,02665
18,15500	0,74797
18,16000	0,62115
18,16500	0,61037
18,17000	0,76670
18,17500	1,16601
18,18000	1,80152
18,18500	2,55125
18,19000	3,24003
18,19500	3,71003
18,20000	3,85182
18,20500	3,61293
18,21000	3,01388
18,21500	2,17302
18,22000	1,27811
18,22500	0,50558
18,23000	-0,02918
18,23500	-0,27052
18,24000	-0,19630
18,24500	0,18837
18,25000	0,81648
18,25500	1,53647
18,26000	2,14319
18,26500	2,45923
18,27000	2,41659
18,27500	2,07493
18,28000	1,56406
18,28500	0,99032
18,29000	0,38077
18,29500	-0,29841
18,30000	-1,08877
18,30500	-2,00872
18,31000	-3,04686
18,31500	-4,15996
18,32000	-5,28458
18,32500	-6,32702
18,33000	-7,14126
18,33500	-7,58113
18,34000	-7,58306
18,34500	-7,18464
18,35000	-6,46085
18,35500	-5,44686
18,36000	-4,18427
18,36500	-2,82659
18,37000	-1,62054
18,37500	-0,80112
18,38000	-0,50966
18,38500	-0,78152
18,39000	-1,58583
18,39500	-2,81763
18,40000	-4,27393
18,40500	-5,68147
18,41000	-6,73235
18,41500	-7,18264
18,42000	-6,97621
18,42500	-6,24703
18,43000	-5,24939
18,43500	-4,24211
18,44000	-3,36328
18,44500	-2,64870
18,45000	-2,12443
18,45500	-1,83869
18,46000	-1,86274
18,46500	-2,25645
18,47000	-3,00253
18,47500	-3,98484
18,48000	-5,01711
18,48500	-5,89803
18,49000	-6,48183
18,49500	-6,72049
18,50000	-6,66651
18,50500	-6,44489
18,51000	-6,18180
18,51500	-5,93832
18,52000	-5,71362
18,52500	-5,48896
18,53000	-5,27354
18,53500	-5,12128
18,54000	-5,09014
18,54500	-5,20372
18,55000	-5,43345
18,55500	-5,67846
18,56000	-5,79757
18,56500	-5,68013
18,57000	-5,30014
18,57500	-4,74075
18,58000	-4,15672
18,58500	-3,69044
18,59000	-3,41414
18,59500	-3,31543
18,60000	-3,30548
18,60500	-3,26104
18,61000	-3,07012
18,61500	-2,64324
18,62000	-1,92937
18,62500	-0,93306
18,63000	0,28319
18,63500	1,60148
18,64000	2,87744
18,64500	3,96569
18,65000	4,72649
18,65500	5,05892
18,66000	4,94998
18,66500	4,50566
18,67000	3,93868
18,67500	3,48597
18,68000	3,30443
18,68500	3,43076
18,69000	3,80346
18,69500	4,29226
18,70000	4,73356
18,70500	4,99576
18,71000	5,03911
18,71500	4,91599
18,72000	4,72505
18,72500	4,55403
18,73000	4,42584
18,73500	4,28622
18,74000	4,04950
18,74500	3,65671
18,75000	3,09606
18,75500	2,37778
18,76000	1,51848
18,76500	0,57891
18,77000	-0,30400
18,77500	-0,94902
18,78000	-1,18725
18,78500	-0,90591
18,79000	-0,08236
18,79500	1,20087
18,80000	2,76588
18,80500	4,36128
18,81000	5,69585
18,81500	6,49553
18,82000	6,56978
18,82500	5,87464
18,83000	4,53268
18,83500	2,76882
18,84000	0,85131
18,84500	-0,92564
18,85000	-2,28645
18,85500	-3,02334
18,86000	-3,03880
18,86500	-2,36309
18,87000	-1,10480
18,87500	0,58568
18,88000	2,50038
18,88500	4,38033
18,89000	5,95628
18,89500	6,99038
18,90000	7,32736
18,90500	6,94400
18,91000	5,96288
18,91500	4,62652
18,92000	3,24532
18,92500	2,13903
18,93000	1,55560
18,93500	1,58365
18,94000	2,13329
18,94500	3,00689
18,95000	4,01277
18,95500	5,03079
18,96000	5,99331
18,96500	6,83197
18,97000	7,43881
18,97500	7,67567
18,98000	7,43490
18,98500	6,73113
18,99000	5,74104
18,99500	4,71683
19,00000	3,86476
19,00500	3,27767
19,01000	2,92274
19,01500	2,69787
19,02000	2,52583
19,02500	2,40630
19,03000	2,39323
19,03500	2,53526
19,04000	2,82409
19,04500	3,18021
19,05000	3,48139
19,05500	3,60723
19,06000	3,48666
19,06500	3,11902
19,07000	2,55697
19,07500	1,89062
19,08000	1,22947
19,08500	0,66642
19,09000	0,24681
19,09500	-0,03923
19,10000	-0,23651
19,10500	-0,38598
19,11000	-0,50918
19,11500	-0,63413
19,12000	-0,82793
19,12500	-1,18956
19,13000	-1,77806
19,13500	-2,54601
19,14000	-3,35703
19,14500	-4,06287
19,15000	-4,58715
19,15500	-4,95691
19,16000	-5,25477
19,16500	-5,54073
19,17000	-5,81868
19,17500	-6,06505
19,18000	-6,25417
19,18500	-6,35626
19,19000	-6,33934
19,19500	-6,17572
19,20000	-5,84597
19,20500	-5,34580
19,21000	-4,69954
19,21500	-3,97045
19,22000	-3,25135
19,22500	-2,63326
19,23000	-2,17153
19,23500	-1,86934
19,24000	-1,68230
19,24500	-1,54746
19,25000	-1,42247
19,25500	-1,30544
19,26000	-1,21597
19,26500	-1,15242
19,27000	-1,08152
19,27500	-0,97611
19,28000	-0,85001
19,28500	-0,75833
19,29000	-0,77173
19,29500	-0,94839
19,30000	-1,32449
19,30500	-1,91571
19,31000	-2,70910
19,31500	-3,65736
19,32000	-4,67974
19,32500	-5,65946
19,33000	-6,46871
19,33500	-7,01118
19,34000	-7,23396
19,34500	-7,11638
19,35000	-6,65857
19,35500	-5,90098
19,36000	-4,96475
19,36500	-4,04212
19,37000	-3,33663
19,37500	-3,01019
19,38000	-3,14789
19,38500	-3,74373
19,39000	-4,71532
19,39500	-5,91188
19,40000	-7,11410
19,40500	-8,06894
19,41000	-8,54354
19,41500	-8,37965
19,42000	-7,54233
19,42500	-6,12710
19,43000	-4,33197
19,43500	-2,41771
19,44000	-0,64126
19,44500	0,81475
19,45000	1,85846
19,45500	2,45486
19,46000	2,58859
19,46500	2,26679
19,47000	1,55228
19,47500	0,57981
19,48000	-0,45489
19,48500	-1,35239
19,49000	-1,98907
19,49500	-2,33544
19,50000	-2,41786
19,50500	-2,27474
19,51000	-1,93704
19,51500	-1,43303
19,52000	-0,78988
19,52500	-0,05278
19,53000	0,68857
19,53500	1,33167
19,54000	1,82254
19,54500	2,14909
19,55000	2,28433
19,55500	2,19276
19,56000	1,87229
19,56500	1,35708
19,57000	0,72001
19,57500	0,06338
19,58000	-0,49248
19,58500	-0,80755
19,59000	-0,79001
19,59500	-0,45511
19,60000	0,10505
19,60500	0,74400
19,61000	1,30112
19,61500	1,67987
19,62000	1,85137
19,62500	1,80520
19,63000	1,53702
19,63500	1,06892
19,64000	0,47417
19,64500	-0,13168
19,65000	-0,62820
19,65500	-0,90266
19,66000	-0,85783
19,66500	-0,45015
19,67000	0,28423
19,67500	1,24634
19,68000	2,29560
19,68500	3,27216
19,69000	4,05552
19,69500	4,61320
19,70000	4,98312
19,70500	5,20200
19,71000	5,25084
19,71500	5,09624
19,72000	4,77899
19,72500	4,42812
19,73000	4,18142
19,73500	4,10163
19,74000	4,15481
19,74500	4,24220
19,75000	4,26242
19,75500	4,15146
19,76000	3,87096
19,76500	3,38557
19,77000	2,67141
19,77500	1,78152
19,78000	0,88675
19,78500	0,18960
19,79000	-0,18510
19,79500	-0,21388
19,80000	0,04776
19,80500	0,51556
19,81000	1,11995
19,81500	1,80356
19,82000	2,52005
19,82500	3,22993
19,83000	3,88754
19,83500	4,45509
19,84000	4,91687
19,84500	5,28744
19,85000	5,61288
19,85500	5,94343
19,86000	6,30481
19,86500	6,69161
19,87000	7,07113
19,87500	7,39382
19,88000	7,61521
19,88500	7,70661
19,89000	7,64897
19,89500	7,43371
19,90000	7,06787
19,90500	6,58441
19,91000	6,04815
19,91500	5,53134
19,92000	5,07199
19,92500	4,65550
19,93000	4,23229
19,93500	3,74565
19,94000	3,15062
19,94500	2,41171
19,95000	1,49485
19,95500	0,39101
19,96000	-0,84714
19,96500	-2,10836
19,97000	-3,26906
19,97500	-4,22991
19,98000	-4,91258
19,98500	-5,24637
19,99000	-5,17711
19,99500	-4,69732
20,00000	-3,87987