0,00000	-0,06834
0,00500	-0,06859
0,01000	-0,06885
0,01500	-0,06911
0,02000	-0,06937
0,02500	-0,06963
0,03000	-0,06989
0,03500	-0,07014
0,04000	-0,07040
0,04500	-0,07065
0,05000	-0,07091
0,05500	-0,07116
0,06000	-0,07142
0,06500	-0,07167
0,07000	-0,07192
0,07500	-0,07218
0,08000	-0,07243
0,08500	-0,07268
0,09000	-0,07293
0,09500	-0,07318
0,10000	-0,07343
0,10500	-0,07367
0,11000	-0,07392
0,11500	-0,07417
0,12000	-0,07441
0,12500	-0,07466
0,13000	-0,07490
0,13500	-0,07514
0,14000	-0,07539
0,14500	-0,07563
0,15000	-0,07587
0,15500	-0,07611
0,16000	-0,07635
0,16500	-0,07658
0,17000	-0,07682
0,17500	-0,07706
0,18000	-0,07729
0,18500	-0,07753
0,19000	-0,07776
0,19500	-0,07799
0,20000	-0,07822
0,20500	-0,07845
0,21000	-0,07868
0,21500	-0,07891
0,22000	-0,07913
0,22500	-0,07936
0,23000	-0,07958
0,23500	-0,07980
0,24000	-0,08002
0,24500	-0,08024
0,25000	-0,08046
0,25500	-0,08068
0,26000	-0,08090
0,26500	-0,08111
0,27000	-0,08133
0,27500	-0,08154
0,28000	-0,08175
0,28500	-0,08196
0,29000	-0,08217
0,29500	-0,08237
0,30000	-0,08258
0,30500	-0,08278
0,31000	-0,08298
0,31500	-0,08318
0,32000	-0,08338
0,32500	-0,08358
0,33000	-0,08378
0,33500	-0,08397
0,34000	-0,08416
0,34500	-0,08435
0,35000	-0,08454
0,35500	-0,08473
0,36000	-0,08491
0,36500	-0,08510
0,37000	-0,08528
0,37500	-0,08546
0,38000	-0,08564
0,38500	-0,08582
0,39000	-0,08599
0,39500	-0,08616
0,40000	-0,08633
0,40500	-0,08650
0,41000	-0,08667
0,41500	-0,08683
0,42000	-0,08700
0,42500	-0,08716
0,43000	-0,08732
0,43500	-0,08747
0,44000	-0,08763
0,44500	-0,08778
0,45000	-0,08793
0,45500	-0,08808
0,46000	-0,08823
0,46500	-0,08837
0,47000	-0,08851
0,47500	-0,08865
0,48000	-0,08879
0,48500	-0,08892
0,49000	-0,08905
0,49500	-0,08918
0,50000	-0,08931
0,50500	-0,08943
0,51000	-0,08956
0,51500	-0,08968
0,52000	-0,08979
0,52500	-0,08991
0,53000	-0,09002
0,53500	-0,09013
0,54000	-0,09023
0,54500	-0,09034
0,55000	-0,09044
0,55500	-0,09054
0,56000	-0,09063
0,56500	-0,09073
0,57000	-0,09082
0,57500	-0,09090
0,58000	-0,09099
0,58500	-0,09107
0,59000	-0,09115
0,59500	-0,09122
0,60000	-0,09130
0,60500	-0,09137
0,61000	-0,09143
0,61500	-0,09150
0,62000	-0,09156
0,62500	-0,09161
0,63000	-0,09167
0,63500	-0,09172
0,64000	-0,09177
0,64500	-0,09181
0,65000	-0,09185
0,65500	-0,09189
0,66000	-0,09192
0,66500	-0,09195
0,67000	-0,09198
0,67500	-0,09201
0,68000	-0,09203
0,68500	-0,09204
0,69000	-0,09206
0,69500	-0,09207
0,70000	-0,09207
0,70500	-0,09207
0,71000	-0,09207
0,71500	-0,09207
0,72000	-0,09206
0,72500	-0,09205
0,73000	-0,09203
0,73500	-0,09201
0,74000	-0,09199
0,74500	-0,09196
0,75000	-0,09193
0,75500	-0,09189
0,76000	-0,09185
0,76500	-0,09181
0,77000	-0,09176
0,77500	-0,09171
0,78000	-0,09165
0,78500	-0,09159
0,79000	-0,09153
0,79500	-0,09146
0,80000	-0,09138
0,80500	-0,09131
0,81000	-0,09123
0,81500	-0,09114
0,82000	-0,09105
0,82500	-0,09095
0,83000	-0,09085
0,83500	-0,09075
0,84000	-0,09064
0,84500	-0,09053
0,85000	-0,09041
0,85500	-0,09029
0,86000	-0,09016
0,86500	-0,09003
0,87000	-0,08989
0,87500	-0,08975
0,88000	-0,08960
0,88500	-0,08945
0,89000	-0,08929
0,89500	-0,08913
0,90000	-0,08896
0,90500	-0,08879
0,91000	-0,08861
0,91500	-0,08843
0,92000	-0,08824
0,92500	-0,08805
0,93000	-0,08785
0,93500	-0,08765
0,94000	-0,08744
0,94500	-0,08723
0,95000	-0,08701
0,95500	-0,08679
0,96000	-0,08656
0,96500	-0,08632
0,97000	-0,08608
0,97500	-0,08583
0,98000	-0,08558
0,98500	-0,08532
0,99000	-0,08506
0,99500	-0,08479
1,00000	-0,08451
1,00500	-0,08423
1,01000	-0,08394
1,01500	-0,08365
1,02000	-0,08335
1,02500	-0,08304
1,03000	-0,08273
1,03500	-0,08242
1,04000	-0,08209
1,04500	-0,08176
1,05000	-0,08143
1,05500	-0,08108
1,06000	-0,08074
1,06500	-0,08038
1,07000	-0,08002
1,07500	-0,07965
1,08000	-0,07928
1,08500	-0,07890
1,09000	-0,07851
1,09500	-0,07811
1,10000	-0,07771
1,10500	-0,07731
1,11000	-0,07689
1,11500	-0,07647
1,12000	-0,07604
1,12500	-0,07561
1,13000	-0,07517
1,13500	-0,07472
1,14000	-0,07426
1,14500	-0,07380
1,15000	-0,07333
1,15500	-0,07285
1,16000	-0,07237
1,16500	-0,07188
1,17000	-0,07138
1,17500	-0,07087
1,18000	-0,07036
1,18500	-0,06984
1,19000	-0,06931
1,19500	-0,06878
1,20000	-0,06823
1,20500	-0,06768
1,21000	-0,06712
1,21500	-0,06656
1,22000	-0,06598
1,22500	-0,06540
1,23000	-0,06481
1,23500	-0,06422
1,24000	-0,06361
1,24500	-0,06300
1,25000	-0,06238
1,25500	-0,06175
1,26000	-0,06111
1,26500	-0,06046
1,27000	-0,05981
1,27500	-0,05915
1,28000	-0,05848
1,28500	-0,05780
1,29000	-0,05711
1,29500	-0,05642
1,30000	-0,05571
1,30500	-0,05500
1,31000	-0,05428
1,31500	-0,05355
1,32000	-0,05281
1,32500	-0,05206
1,33000	-0,05131
1,33500	-0,05054
1,34000	-0,04977
1,34500	-0,04899
1,35000	-0,04820
1,35500	-0,04740
1,36000	-0,04659
1,36500	-0,04577
1,37000	-0,04494
1,37500	-0,04411
1,38000	-0,04326
1,38500	-0,04240
1,39000	-0,04154
1,39500	-0,04067
1,40000	-0,03978
1,40500	-0,03889
1,41000	-0,03799
1,41500	-0,03708
1,42000	-0,03615
1,42500	-0,03522
1,43000	-0,03428
1,43500	-0,03333
1,44000	-0,03237
1,44500	-0,03140
1,45000	-0,03042
1,45500	-0,02943
1,46000	-0,02843
1,46500	-0,02742
1,47000	-0,02640
1,47500	-0,02537
1,48000	-0,02433
1,48500	-0,02327
1,49000	-0,02221
1,49500	-0,02114
1,50000	-0,02006
1,50500	-0,01897
1,51000	-0,01786
1,51500	-0,01675
1,52000	-0,01562
1,52500	-0,01449
1,53000	-0,01334
1,53500	-0,01219
1,54000	-0,01102
1,54500	-0,00984
1,55000	-0,00865
1,55500	-0,00745
1,56000	-0,00624
1,56500	-0,00502
1,57000	-0,00378
1,57500	-0,00254
1,58000	-0,00128
1,58500	-0,00002
1,59000	0,00126
1,59500	0,00255
1,60000	0,00385
1,60500	0,00517
1,61000	0,00649
1,61500	0,00783
1,62000	0,00917
1,62500	0,01053
1,63000	0,01190
1,63500	0,01329
1,64000	0,01468
1,64500	0,01609
1,65000	0,01750
1,65500	0,01893
1,66000	0,02038
1,66500	0,02183
1,67000	0,02330
1,67500	0,02477
1,68000	0,02626
1,68500	0,02777
1,69000	0,02928
1,69500	0,03081
1,70000	0,03235
1,70500	0,03390
1,71000	0,03546
1,71500	0,03704
1,72000	0,03863
1,72500	0,04023
1,73000	0,04185
1,73500	0,04348
1,74000	0,04512
1,74500	0,04677
1,75000	0,04844
1,75500	0,05011
1,76000	0,05181
1,76500	0,05351
1,77000	0,05523
1,77500	0,05696
1,78000	0,05870
1,78500	0,06046
1,79000	0,06223
1,79500	0,06402
1,80000	0,06581
1,80500	0,06763
1,81000	0,06945
1,81500	0,07129
1,82000	0,07314
1,82500	0,07500
1,83000	0,07688
1,83500	0,07877
1,84000	0,08068
1,84500	0,08260
1,85000	0,08453
1,85500	0,08648
1,86000	0,08844
1,86500	0,09042
1,87000	0,09240
1,87500	0,09441
1,88000	0,09643
1,88500	0,09846
1,89000	0,10050
1,89500	0,10256
1,90000	0,10464
1,90500	0,10672
1,91000	0,10883
1,91500	0,11094
1,92000	0,11307
1,92500	0,11522
1,93000	0,11738
1,93500	0,11955
1,94000	0,12174
1,94500	0,12395
1,95000	0,12617
1,95500	0,12840
1,96000	0,13065
1,96500	0,13291
1,97000	0,13519
1,97500	0,13748
1,98000	0,13979
1,98500	0,14211
1,99000	0,14445
1,99500	0,14680
2,00000	0,14917
2,00500	0,15155
2,01000	0,15395
2,01500	0,15637
2,02000	0,15879
2,02500	0,16124
2,03000	0,16370
2,03500	0,16617
2,04000	0,16866
2,04500	0,17117
2,05000	0,17369
2,05500	0,17622
2,06000	0,17877
2,06500	0,18134
2,07000	0,18393
2,07500	0,18652
2,08000	0,18914
2,08500	0,19177
2,09000	0,19441
2,09500	0,19708
2,10000	0,19975
2,10500	0,20245
2,11000	0,20516
2,11500	0,20788
2,12000	0,21062
2,12500	0,21338
2,13000	0,21615
2,13500	0,21894
2,14000	0,22174
2,14500	0,22457
2,15000	0,22740
2,15500	0,23026
2,16000	0,23313
2,16500	0,23601
2,17000	0,23891
2,17500	0,24183
2,18000	0,24477
2,18500	0,24772
2,19000	0,25069
2,19500	0,25367
2,20000	0,25667
2,20500	0,25969
2,21000	0,26272
2,21500	0,26577
2,22000	0,26884
2,22500	0,27192
2,23000	0,27502
2,23500	0,27813
2,24000	0,28127
2,24500	0,28441
2,25000	0,28758
2,25500	0,29076
2,26000	0,29396
2,26500	0,29718
2,27000	0,30041
2,27500	0,30366
2,28000	0,30692
2,28500	0,31021
2,29000	0,31351
2,29500	0,31682
2,30000	0,32016
2,30500	0,32351
2,31000	0,32687
2,31500	0,33026
2,32000	0,33366
2,32500	0,33708
2,33000	0,34051
2,33500	0,34396
2,34000	0,34743
2,34500	0,35092
2,35000	0,35442
2,35500	0,35794
2,36000	0,36147
2,36500	0,36503
2,37000	0,36860
2,37500	0,37219
2,38000	0,37579
2,38500	0,37941
2,39000	0,38305
2,39500	0,38669
2,40000	0,39035
2,40500	0,39404
2,41000	0,39776
2,41500	0,40156
2,42000	0,40544
2,42500	0,40938
2,43000	0,41326
2,43500	0,41680
2,44000	0,41961
2,44500	0,42136
2,45000	0,42232
2,45500	0,42421
2,46000	0,43107
2,46500	0,44914
2,47000	0,48405
2,47500	0,53318
2,48000	0,57260
2,48500	0,54285
2,49000	0,34760
2,49500	-0,10821
2,50000	-0,84505
2,50500	-1,77711
2,51000	-2,76067
2,51500	-3,64939
2,52000	-4,31775
2,52500	-4,68757
2,53000	-4,75284
2,53500	-4,57332
2,54000	-4,24079
2,54500	-3,83641
2,55000	-3,39983
2,55500	-2,92548
2,56000	-2,38407
2,56500	-1,75610
2,57000	-1,05191
2,57500	-0,30124
2,58000	0,46904
2,58500	1,24622
2,59000	2,03102
2,59500	2,83049
2,60000	3,64608
2,60500	4,45653
2,61000	5,19923
2,61500	5,76368
2,62000	6,02657
2,62500	5,93123
2,63000	5,53452
2,63500	4,95980
2,64000	4,31729
2,64500	3,66886
2,65000	3,03436
2,65500	2,41077
2,66000	1,79075
2,66500	1,17732
2,67000	0,59456
2,67500	0,09027
2,68000	-0,28062
2,68500	-0,49237
2,69000	-0,56980
2,69500	-0,56767
2,70000	-0,53535
2,70500	-0,50127
2,71000	-0,47574
2,71500	-0,45894
2,72000	-0,44755
2,72500	-0,43833
2,73000	-0,42935
2,73500	-0,41984
2,74000	-0,40974
2,74500	-0,39926
2,75000	-0,38860
2,75500	-0,37789
2,76000	-0,36720
2,76500	-0,35652
2,77000	-0,34584
2,77500	-0,33518
2,78000	-0,32452
2,78500	-0,31387
2,79000	-0,30324
2,79500	-0,29256
2,80000	-0,28170
2,80500	-0,27046
2,81000	-0,25863
2,81500	-0,24628
2,82000	-0,23416
2,82500	-0,22421
2,83000	-0,21967
2,83500	-0,22387
2,84000	-0,23664
2,84500	-0,24766
2,85000	-0,22852
2,85500	-0,12981
2,86000	0,10332
2,86500	0,49582
2,87000	1,02207
2,87500	1,62711
2,88000	2,26266
2,88500	2,90345
2,89000	3,54442
2,89500	4,19085
2,90000	4,84585
2,90500	5,49594
2,91000	6,09697
2,91500	6,56945
2,92000	6,82426
2,92500	6,82029
2,93000	6,59848
2,93500	6,24795
2,94000	5,84843
2,94500	5,44482
2,95000	5,05182
2,95500	4,66758
2,96000	4,28678
2,96500	3,91055
2,97000	3,55343
2,97500	3,24499
2,98000	3,01945
2,98500	2,89298
2,99000	2,85032
2,99500	2,85742
3,00000	2,88314
3,00500	2,90860
3,01000	2,92538
3,01500	2,93130
3,02000	2,92854
3,02500	2,92554
3,03000	2,94116
3,03500	3,00654
3,04000	3,15567
3,04500	3,40374
3,05000	3,73449
3,05500	4,11373
3,06000	4,51217
3,06500	4,91597
3,07000	5,32519
3,07500	5,74636
3,08000	6,18126
3,08500	6,61143
3,09000	6,98160
3,09500	7,19402
3,10000	7,13958
3,10500	6,76826
3,11000	6,13053
3,11500	5,33558
3,12000	4,48039
3,12500	3,61809
3,13000	2,76353
3,13500	1,91122
3,14000	1,05478
3,14500	0,20560
3,15000	-0,59102
3,15500	-1,25096
3,16000	-1,67917
3,16500	-1,83156
3,17000	-1,75155
3,17500	-1,53409
3,18000	-1,26440
3,18500	-0,99096
3,19000	-0,73040
3,19500	-0,48180
3,20000	-0,23942
3,20500	-0,00144
3,21000	0,22515
3,21500	0,42356
3,22000	0,57379
3,22500	0,66620
3,23000	0,70962
3,23500	0,72391
3,24000	0,72722
3,24500	0,73040
3,25000	0,73800
3,25500	0,75091
3,26000	0,76791
3,26500	0,78530
3,27000	0,79546
3,27500	0,78607
3,28000	0,74369
3,28500	0,66221
3,29000	0,54785
3,29500	0,41404
3,30000	0,27295
3,30500	0,13176
3,31000	-0,00660
3,31500	-0,14166
3,32000	-0,27428
3,32500	-0,40665
3,33000	-0,54309
3,33500	-0,69038
3,34000	-0,85575
3,34500	-1,04223
3,35000	-1,24602
3,35500	-1,45975
3,36000	-1,67796
3,36500	-1,89997
3,37000	-2,12969
3,37500	-2,37257
3,38000	-2,62879
3,38500	-2,88195
3,39000	-3,08583
3,39500	-3,15967
3,40000	-3,01365
3,40500	-2,60665
3,41000	-1,98031
3,41500	-1,22455
3,42000	-0,41923
3,42500	0,39184
3,43000	1,19636
3,43500	1,99872
3,44000	2,80421
3,44500	3,60380
3,45000	4,36108
3,45500	5,00838
3,46000	5,46912
3,46500	5,70769
3,47000	5,75888
3,47500	5,69913
3,48000	5,59749
3,48500	5,49426
3,49000	5,40494
3,49500	5,33099
3,50000	5,26768
3,50500	5,20675
3,51000	5,13511
3,51500	5,03371
3,52000	4,88253
3,52500	4,67284
3,53000	4,41440
3,53500	4,12743
3,54000	3,82919
3,54500	3,52789
3,55000	3,22357
3,55500	2,91249
3,56000	2,59359
3,56500	2,27737
3,57000	1,99540
3,57500	1,80354
3,58000	1,76419
3,58500	1,90602
3,59000	2,20024
3,59500	2,58445
3,60000	3,00296
3,60500	3,42474
3,61000	3,84014
3,61500	4,25112
3,62000	4,66138
3,62500	5,06806
3,63000	5,45530
3,63500	5,79253
3,64000	6,04484
3,64500	6,19594
3,65000	6,26167
3,65500	6,27682
3,66000	6,27278
3,66500	6,26759
3,67000	6,26781
3,67500	6,27355
3,68000	6,28269
3,68500	6,29319
3,69000	6,30381
3,69500	6,31405
3,70000	6,32382
3,70500	6,33317
3,71000	6,34215
3,71500	6,35087
3,72000	6,35964
3,72500	6,36922
3,73000	6,38080
3,73500	6,39566
3,74000	6,41372
3,74500	6,43108
3,75000	6,43698
3,75500	6,41272
3,76000	6,33750
3,76500	6,20179
3,77000	6,01523
3,77500	5,79862
3,78000	5,57050
3,78500	5,34113
3,79000	5,11356
3,79500	4,88699
3,80000	4,66019
3,80500	4,43458
3,81000	4,21672
3,81500	4,01903
3,82000	3,85564
3,82500	3,73315
3,83000	3,64517
3,83500	3,57760
3,84000	3,51767
3,84500	3,45784
3,85000	3,39507
3,85500	3,32892
3,86000	3,26024
3,86500	3,19113
3,87000	3,12554
3,87500	3,06968
3,88000	3,03027
3,88500	3,01033
3,89000	3,00672
3,89500	3,01272
3,90000	3,02229
3,90500	3,03197
3,91000	3,04051
3,91500	3,04790
3,92000	3,05455
3,92500	3,06086
3,93000	3,06708
3,93500	3,07325
3,94000	3,07932
3,94500	3,08517
3,95000	3,09065
3,95500	3,09579
3,96000	3,10095
3,96500	3,10710
3,97000	3,11587
3,97500	3,12893
3,98000	3,14618
3,98500	3,16250
3,99000	3,16364
3,99500	3,12490
4,00000	3,01878
4,00500	2,83270
4,01000	2,57940
4,01500	2,28638
4,02000	1,97811
4,02500	1,66810
4,03000	1,36031
4,03500	1,05360
4,04000	0,74635
4,04500	0,44069
4,05000	0,14603
4,05500	-0,11996
4,06000	-0,33723
4,06500	-0,49647
4,07000	-0,60684
4,07500	-0,68835
4,08000	-0,75895
4,08500	-0,82882
4,09000	-0,90134
4,09500	-0,97624
4,10000	-1,05229
4,10500	-1,12944
4,11000	-1,21004
4,11500	-1,29920
4,12000	-1,40289
4,12500	-1,52402
4,13000	-1,66001
4,13500	-1,80492
4,14000	-1,95312
4,14500	-2,10080
4,15000	-2,24555
4,15500	-2,38606
4,16000	-2,52274
4,16500	-2,65999
4,17000	-2,80914
4,17500	-2,98968
4,18000	-3,22314
4,18500	-3,51938
4,19000	-3,86839
4,19500	-4,24859
4,20000	-4,64080
4,20500	-5,03440
4,21000	-5,42621
4,21500	-5,81710
4,22000	-6,20834
4,22500	-6,59840
4,23000	-6,98038
4,23500	-7,34119
4,24000	-7,66599
4,24500	-7,94790
4,25000	-8,19370
4,25500	-8,41822
4,26000	-8,63470
4,26500	-8,85058
4,27000	-9,06819
4,27500	-9,28712
4,28000	-9,50651
4,28500	-9,72685
4,29000	-9,95148
4,29500	-10,18688
4,30000	-10,44052
4,30500	-10,71592
4,31000	-11,00977
4,31500	-11,31466
4,32000	-11,62371
4,32500	-11,93259
4,33000	-12,23907
4,33500	-12,54229
4,34000	-12,84274
4,34500	-13,14353
4,35000	-13,45219
4,35500	-13,78149
4,36000	-14,14541
4,36500	-14,55019
4,37000	-14,98906
4,37500	-15,44795
4,38000	-15,91499
4,38500	-16,38510
4,39000	-16,85931
4,39500	-17,34141
4,40000	-17,83211
4,40500	-18,32056
4,41000	-18,77496
4,41500	-19,13922
4,42000	-19,35067
4,42500	-19,38024
4,43000	-19,25642
4,43500	-19,04198
4,44000	-18,79454
4,44500	-18,54952
4,45000	-18,32312
4,45500	-18,11890
4,46000	-17,92933
4,46500	-17,73016
4,47000	-17,47252
4,47500	-17,08523
4,48000	-16,50842
4,48500	-15,75429
4,49000	-14,92439
4,49500	-14,13690
4,50000	-13,44584
4,50500	-12,83823
4,51000	-12,27714
4,51500	-11,73184
4,52000	-11,18602
4,52500	-10,63548
4,53000	-10,08333
4,53500	-9,53554
4,54000	-8,99661
4,54500	-8,46546
4,55000	-7,93614
4,55500	-7,40706
4,56000	-6,89569
4,56500	-6,45040
4,57000	-6,14710
4,57500	-6,06403
4,58000	-6,24896
4,58500	-6,70084
4,59000	-7,38404
4,59500	-8,27216
4,60000	-9,37097
4,60500	-10,68707
4,61000	-12,19582
4,61500	-13,85964
4,62000	-15,65687
4,62500	-17,57364
4,63000	-19,58371
4,63500	-21,65159
4,64000	-23,74553
4,64500	-25,83626
4,65000	-27,88368
4,65500	-29,82764
4,66000	-31,60279
4,66500	-33,17992
4,67000	-34,59110
4,67500	-35,90447
4,68000	-37,18152
4,68500	-38,45882
4,69000	-39,75177
4,69500	-41,06350
4,70000	-42,38974
4,70500	-43,71738
4,71000	-45,01863
4,71500	-46,24828
4,72000	-47,35679
4,72500	-48,32124
4,73000	-49,16393
4,73500	-49,93428
4,74000	-50,67856
4,74500	-51,42750
4,75000	-52,19914
4,75500	-53,00277
4,76000	-53,83501
4,76500	-54,66474
4,77000	-55,41219
4,77500	-55,94088
4,78000	-56,09965
4,78500	-55,81910
4,79000	-55,16867
4,79500	-54,29952
4,80000	-53,34791
4,80500	-52,39320
4,81000	-51,46587
4,81500	-50,56892
4,82000	-49,69365
4,82500	-48,82496
4,83000	-47,93855
4,83500	-46,99752
4,84000	-45,95982
4,84500	-44,80100
4,85000	-43,53526
4,85500	-42,22016
4,86000	-40,95797
4,86500	-39,89792
4,87000	-39,20373
4,87500	-38,97081
4,88000	-39,16776
4,88500	-39,66983
4,89000	-40,33686
4,89500	-41,06617
4,90000	-41,80590
4,90500	-42,53918
4,91000	-43,25516
4,91500	-43,92149
4,92000	-44,46956
4,92500	-44,80295
4,93000	-44,83502
4,93500	-44,54420
4,94000	-43,99745
4,94500	-43,30820
4,95000	-42,57667
4,95500	-41,86650
4,96000	-41,20877
4,96500	-40,61046
4,97000	-40,06910
4,97500	-39,59900
4,98000	-39,25190
4,98500	-39,11034
4,99000	-39,24872
4,99500	-39,67891
5,00000	-40,33460
5,00500	-41,12946
5,01000	-42,03828
5,01500	-43,13125
5,02000	-44,53476
5,02500	-46,33276
5,03000	-48,48322
5,03500	-50,80376
5,04000	-52,97746
5,04500	-54,55145
5,05000	-55,03304
5,05500	-54,13503
5,06000	-51,95173
5,06500	-48,86779
5,07000	-45,33705
5,07500	-41,72876
5,08000	-38,26600
5,08500	-35,02021
5,09000	-31,95012
5,09500	-28,98010
5,10000	-26,08132
5,10500	-23,31528
5,11000	-20,82400
5,11500	-18,76772
5,12000	-17,23955
5,12500	-16,19696
5,13000	-15,44965
5,13500	-14,72573
5,14000	-13,78118
5,14500	-12,49655
5,15000	-10,90377
5,15500	-9,12077
5,16000	-7,26430
5,16500	-5,41263
5,17000	-3,60999
5,17500	-1,87682
5,18000	-0,20411
5,18500	1,47611
5,19000	3,33289
5,19500	5,65090
5,20000	8,73920
5,20500	12,72446
5,21000	17,42426
5,21500	22,46339
5,22000	27,49732
5,22500	32,35055
5,23000	37,02864
5,23500	41,63453
5,24000	46,25091
5,24500	50,83757
5,25000	55,15386
5,25500	58,74285
5,26000	61,08728
5,26500	61,94614
5,27000	61,55243
5,27500	60,41971
5,28000	59,01234
5,28500	57,59885
5,29000	56,27408
5,29500	55,02613
5,30000	53,79000
5,30500	52,48021
5,31000	51,02336
5,31500	49,42053
5,32000	47,85683
5,32500	46,79809
5,33000	46,86947
5,33500	48,44609
5,34000	51,36482
5,34500	55,10755
5,35000	59,17040
5,35500	63,23872
5,36000	67,17522
5,36500	70,96066
5,37000	74,65513
5,37500	78,38344
5,38000	82,29797
5,38500	86,49442
5,39000	90,95517
5,39500	95,58725
5,40000	100,29587
5,40500	105,01633
5,41000	109,70509
5,41500	114,32067
5,42000	118,81826
5,42500	123,16248
5,43000	127,32942
5,43500	131,28249
5,44000	134,96919
5,44500	138,37152
5,45000	141,54764
5,45500	144,60336
5,46000	147,63394
5,46500	150,69220
5,47000	153,77814
5,47500	156,82936
5,48000	159,71439
5,48500	162,24587
5,49000	164,23123
5,49500	165,55727
5,50000	166,24921
5,50500	166,45204
5,51000	166,36075
5,51500	166,14838
5,52000	165,92514
5,52500	165,74020
5,53000	165,60332
5,53500	165,49901
5,54000	165,38593
5,54500	165,18819
5,55000	164,79906
5,55500	164,11206
5,56000	163,06584
5,56500	161,67740
5,57000	160,03824
5,57500	158,26691
5,58000	156,45996
5,58500	154,68010
5,59000	152,96851
5,59500	151,35046
5,60000	149,81496
5,60500	148,26160
5,61000	146,43306
5,61500	143,89319
5,62000	140,17017
5,62500	135,07544
5,63000	128,88754
5,63500	122,15374
5,64000	115,35591
5,64500	108,75265
5,65000	102,39249
5,65500	96,18068
5,66000	89,92633
5,66500	83,36082
5,67000	76,19371
5,67500	68,25072
5,68000	59,60529
5,68500	50,59573
5,69000	41,71928
5,69500	33,44688
5,70000	26,04838
5,70500	19,52110
5,71000	13,66844
5,71500	8,31104
5,72000	3,47801
5,72500	-0,57252
5,73000	-3,50873
5,73500	-5,16629
5,74000	-5,68639
5,74500	-5,42429
5,75000	-4,75715
5,75500	-3,96017
5,76000	-3,17872
5,76500	-2,46214
5,77000	-1,81382
5,77500	-1,22342
5,78000	-0,67222
5,78500	-0,11465
5,79000	0,55108
5,79500	1,49609
5,80000	2,90958
5,80500	4,87779
5,81000	7,31310
5,81500	10,02806
5,82000	12,85935
5,82500	15,72039
5,83000	18,58411
5,83500	21,43826
5,84000	24,23609
5,84500	26,85957
5,85000	29,12478
5,85500	30,84635
5,86000	31,92433
5,86500	32,40096
5,87000	32,44891
5,87500	32,28593
5,88000	32,08575
5,88500	31,94712
5,89000	31,89743
5,89500	31,88636
5,90000	31,75897
5,90500	31,23694
5,91000	29,98095
5,91500	27,75968
5,92000	24,58619
5,92500	20,69078
5,93000	16,39090
5,93500	11,96564
5,94000	7,57756
5,94500	3,24302
5,95000	-1,17881
5,95500	-5,98261
5,96000	-11,53799
5,96500	-18,10023
5,97000	-25,62297
5,97500	-33,70950
5,98000	-41,73488
5,98500	-49,09509
5,99000	-55,43426
5,99500	-60,71752
6,00000	-65,16048
6,00500	-69,08268
6,01000	-72,77123
6,01500	-76,41428
6,02000	-80,09447
6,02500	-83,81120
6,03000	-87,50655
6,03500	-91,08888
6,04000	-94,47421
6,04500	-97,64985
6,05000	-100,70528
6,05500	-103,78442
6,06000	-107,00575
6,06500	-110,40966
6,07000	-113,93842
6,07500	-117,43543
6,08000	-120,65914
6,08500	-123,32348
6,09000	-125,19162
6,09500	-126,20966
6,10000	-126,55704
6,10500	-126,52763
6,11000	-126,36684
6,11500	-126,20873
6,12000	-126,09827
6,12500	-126,03391
6,13000	-126,00036
6,13500	-125,98449
6,14000	-125,97705
6,14500	-125,96580
6,15000	-125,92567
6,15500	-125,81390
6,16000	-125,58215
6,16500	-125,20719
6,17000	-124,70979
6,17500	-124,13847
6,18000	-123,54182
6,18500	-122,95918
6,19000	-122,42458
6,19500	-121,96604
6,20000	-121,58520
6,20500	-121,20964
6,21000	-120,62904
6,21500	-119,46217
6,22000	-117,25601
6,22500	-113,73563
6,23000	-108,96722
6,23500	-103,24297
6,24000	-96,87118
6,24500	-90,09306
6,25000	-83,08056
6,25500	-75,90884
6,26000	-68,52295
6,26500	-60,76199
6,27000	-52,45905
6,27500	-43,59704
6,28000	-34,44523
6,28500	-25,57611
6,29000	-17,68229
6,29500	-11,22121
6,30000	-6,17412
6,30500	-2,15055
6,31000	1,33595
6,31500	4,66799
6,32000	8,04557
6,32500	11,48404
6,33000	14,83635
6,33500	17,82734
6,34000	20,15681
6,34500	21,68434
6,35000	22,53242
6,35500	22,97727
6,36000	23,26750
6,36500	23,54345
6,37000	23,85095
6,37500	24,18395
6,38000	24,52547
6,38500	24,87979
6,39000	25,29551
6,39500	25,87204
6,40000	26,72655
6,40500	27,92174
6,41000	29,42952
6,41500	31,18443
6,42000	33,15352
6,42500	35,34132
6,43000	37,75445
6,43500	40,37507
6,44000	43,14640
6,44500	45,95532
6,45000	48,60416
6,45500	50,79666
6,46000	52,21824
6,46500	52,72796
6,47000	52,47167
6,47500	51,76289
6,48000	50,88420
6,48500	50,00157
6,49000	49,18176
6,49500	48,43515
6,50000	47,74414
6,50500	47,06580
6,51000	46,31572
6,51500	45,35616
6,52000	44,02848
6,52500	42,23494
6,53000	39,97603
6,53500	37,28133
6,54000	34,14652
6,54500	30,57933
6,55000	26,66218
6,55500	22,52567
6,56000	18,29029
6,56500	14,06367
6,57000	9,98436
6,57500	6,25413
6,58000	3,08963
6,58500	0,58471
6,59000	-1,37310
6,59500	-3,01569
6,60000	-4,54587
6,60500	-6,06675
6,61000	-7,58499
6,61500	-9,04169
6,62000	-10,36050
6,62500	-11,50831
6,63000	-12,53093
6,63500	-13,53173
6,64000	-14,61611
6,64500	-15,84112
6,65000	-17,19861
6,65500	-18,64019
6,66000	-20,11233
6,66500	-21,57026
6,67000	-22,97658
6,67500	-24,30450
6,68000	-25,56166
6,68500	-26,84040
6,69000	-28,37919
6,69500	-30,57948
6,70000	-33,86840
6,70500	-38,39275
6,71000	-43,81764
6,71500	-49,47279
6,72000	-54,70009
6,72500	-59,14451
6,73000	-62,83497
6,73500	-66,02928
6,74000	-69,01109
6,74500	-72,01845
6,75000	-75,27763
6,75500	-79,02863
6,76000	-83,43625
6,76500	-88,38703
6,77000	-93,40306
6,77500	-97,85571
6,78000	-101,29604
6,78500	-103,64320
6,79000	-105,15447
6,79500	-106,22002
6,80000	-107,14905
6,80500	-108,08608
6,81000	-109,02753
6,81500	-109,87060
6,82000	-110,48436
6,82500	-110,79893
6,83000	-110,85169
6,83500	-110,74571
6,84000	-110,57851
6,84500	-110,41009
6,85000	-110,26732
6,85500	-110,15699
6,86000	-110,07253
6,86500	-109,98978
6,87000	-109,85585
6,87500	-109,58415
6,88000	-109,08046
6,88500	-108,30019
6,89000	-107,26942
6,89500	-106,02093
6,90000	-104,51263
6,90500	-102,61545
6,91000	-100,18432
6,91500	-97,17275
6,92000	-93,69518
6,92500	-89,97632
6,93000	-86,26850
6,93500	-82,81608
6,94000	-79,81715
6,94500	-77,33866
6,95000	-75,28281
6,95500	-73,49336
6,96000	-71,90927
6,96500	-70,63292
6,97000	-69,86810
6,97500	-69,76053
6,98000	-70,27727
6,98500	-71,23084
6,99000	-72,37854
6,99500	-73,49881
7,00000	-74,43967
7,00500	-75,15595
7,01000	-75,71103
7,01500	-76,21810
7,02000	-76,75156
7,02500	-77,26688
7,03000	-77,53751
7,03500	-77,14396
7,04000	-75,61761
7,04500	-72,74963
7,05000	-68,77614
7,05500	-64,20609
7,06000	-59,51023
7,06500	-54,95976
7,07000	-50,63778
7,07500	-46,53516
7,08000	-42,63675
7,08500	-38,92926
7,09000	-35,31861
7,09500	-31,48234
7,10000	-26,73452
7,10500	-20,07808
7,11000	-10,73529
7,11500	0,92392
7,12000	13,11529
7,12500	23,74863
7,13000	31,74391
7,13500	37,26508
7,14000	41,15524
7,14500	44,30850
7,15000	47,28895
7,15500	50,23955
7,16000	52,96883
7,16500	55,10694
7,17000	56,30418
7,17500	56,44072
7,18000	55,70586
7,18500	54,45446
7,19000	53,00057
7,19500	51,52805
7,20000	50,10675
7,20500	48,74049
7,21000	47,40822
7,21500	46,08685
7,22000	44,75946
7,22500	43,41713
7,23000	42,06150
7,23500	40,71129
7,24000	39,41056
7,24500	38,23262
7,25000	37,27129
7,25500	36,61491
7,26000	36,31058
7,26500	36,33578
7,27000	36,60193
7,27500	36,99896
7,28000	37,44110
7,28500	37,87445
7,29000	38,25700
7,29500	38,53960
7,30000	38,67121
7,30500	38,63092
7,31000	38,44878
7,31500	38,18402
7,32000	37,88812
7,32500	37,58863
7,33000	37,29244
7,33500	36,99575
7,34000	36,69513
7,34500	36,39866
7,35000	36,13623
7,35500	35,96262
7,36000	35,93960
7,36500	36,09587
7,37000	36,40336
7,37500	36,80043
7,38000	37,23131
7,38500	37,66322
7,39000	38,08316
7,39500	38,48945
7,40000	38,88589
7,40500	39,28066
7,41000	39,68864
7,41500	40,13284
7,42000	40,63812
7,42500	41,21397
7,43000	41,83596
7,43500	42,43716
7,44000	42,91135
7,44500	43,13142
7,45000	42,99309
7,45500	42,47559
7,46000	41,66074
7,46500	40,67010
7,47000	39,58017
7,47500	38,39021
7,48000	37,05270
7,48500	35,53907
7,49000	33,88488
7,49500	32,17558
7,50000	30,50121
7,50500	28,92177
7,51000	27,45520
7,51500	26,08487
7,52000	24,77665
7,52500	23,49632
7,53000	22,21994
7,53500	20,93476
7,54000	19,63573
7,54500	18,32312
7,55000	17,00087
7,55500	15,67390
7,56000	14,34530
7,56500	13,01513
7,57000	11,68083
7,57500	10,33901
7,58000	8,98948
7,58500	7,64189
7,59000	6,32356
7,59500	5,08231
7,60000	3,97160
7,60500	3,01806
7,61000	2,20902
7,61500	1,52678
7,62000	0,99138
7,62500	0,66372
7,63000	0,60422
7,63500	0,81556
7,64000	1,23206
7,64500	1,79487
7,65000	2,55592
7,65500	3,72091
7,66000	5,56758
7,66500	8,25001
7,67000	11,65821
7,67500	15,46218
7,68000	19,21512
7,68500	22,39168
7,69000	24,46783
7,69500	25,13855
7,70000	24,50193
7,70500	23,03706
7,71000	21,48393
7,71500	20,73456
7,72000	21,60971
7,72500	24,46892
7,73000	29,01554
7,73500	34,58653
7,74000	40,58997
7,74500	46,67793
7,75000	52,67281
7,75500	58,41615
7,76000	63,65419
7,76500	68,02859
7,77000	71,19962
7,77500	73,05585
7,78000	73,81896
7,78500	73,90682
7,79000	73,70491
7,79500	73,43484
7,80000	73,12841
7,80500	72,66235
7,81000	71,84653
7,81500	70,55267
7,82000	68,79665
7,82500	66,70677
7,83000	64,43682
7,83500	62,10431
7,84000	59,77073
7,84500	57,45116
7,85000	55,13403
7,85500	52,79892
7,86000	50,43395
7,86500	48,05885
7,87000	45,75375
7,87500	43,67809
7,88000	42,03951
7,88500	40,99680
7,89000	40,56879
7,89500	40,62582
7,90000	40,95756
7,90500	41,37284
7,91000	41,76904
7,91500	42,13056
7,92000	42,48560
7,92500	42,86052
7,93000	43,23770
7,93500	43,51536
7,94000	43,48688
7,94500	42,86925
7,95000	41,40415
7,95500	39,01063
7,96000	35,86354
7,96500	32,30164
7,97000	28,65943
7,97500	25,15146
7,98000	21,84484
7,98500	18,70404
7,99000	15,65746
7,99500	12,64242
8,00000	9,62374
8,00500	6,59615
8,01000	3,58134
8,01500	0,62258
8,02000	-2,23136
8,02500	-4,95531
8,03000	-7,56597
8,03500	-10,11034
8,04000	-12,64537
8,04500	-15,23153
8,05000	-17,92948
8,05500	-20,78155
8,06000	-23,77883
8,06500	-26,82035
8,07000	-29,66848
8,07500	-31,93688
8,08000	-33,20718
8,08500	-33,28796
8,09000	-32,36599
8,09500	-30,85070
8,10000	-29,11402
8,10500	-27,37787
8,11000	-25,73549
8,11500	-24,20335
8,12000	-22,75007
8,12500	-21,28779
8,13000	-19,64224
8,13500	-17,54406
8,14000	-14,71060
8,14500	-11,02341
8,15000	-6,62854
8,15500	-1,82285
8,16000	3,13257
8,16500	8,09627
8,17000	13,03542
8,17500	17,98506
8,18000	23,00205
8,18500	28,11830
8,19000	33,30657
8,19500	38,47722
8,20000	43,51863
8,20500	48,36859
8,21000	53,04516
8,21500	57,58388
8,22000	61,93756
8,22500	65,92947
8,23000	69,31986
8,23500	71,96858
8,24000	73,92395
8,24500	75,30043
8,25000	76,05199
8,25500	75,84283
8,26000	74,18544
8,26500	70,83973
8,27000	66,07127
8,27500	60,45222
8,28000	54,49947
8,28500	48,52745
8,29000	42,70126
8,29500	37,13538
8,30000	31,94024
8,30500	27,18788
8,31000	22,85564
8,31500	18,81773
8,32000	14,89691
8,32500	10,94956
8,33000	6,92105
8,33500	2,82632
8,34000	-1,30859
8,34500	-5,49287
8,35000	-9,79081
8,35500	-14,30647
8,36000	-19,10833
8,36500	-24,08752
8,37000	-28,81741
8,37500	-32,53941
8,38000	-34,42416
8,38500	-34,08098
8,39000	-31,83087
8,39500	-28,37888
8,40000	-24,29395
8,40500	-19,80395
8,41000	-14,89949
8,41500	-9,54100
8,42000	-3,79044
8,42500	2,21316
8,43000	8,33607
8,43500	14,47246
8,44000	20,50755
8,44500	26,27992
8,45000	31,61091
8,45500	36,41581
8,46000	40,77679
8,46500	44,87859
8,47000	48,89393
8,47500	52,93116
8,48000	57,03571
8,48500	61,19706
8,49000	65,33958
8,49500	69,30401
8,50000	72,85744
8,50500	75,73199
8,51000	77,58178
8,51500	77,85122
8,52000	75,87506
8,52500	71,36933
8,53000	64,75732
8,53500	56,84318
8,54000	48,25296
8,54500	39,21873
8,55000	29,75046
8,55500	19,97267
8,56000	10,29121
8,56500	1,20736
8,57000	-6,94852
8,57500	-14,07110
8,58000	-20,21142
8,58500	-25,54837
8,59000	-30,36498
8,59500	-34,95602
8,60000	-39,52359
8,60500	-44,13482
8,61000	-48,72258
8,61500	-53,09906
8,62000	-57,00885
8,62500	-60,23342
8,63000	-62,66034
8,63500	-64,24204
8,64000	-64,90388
8,64500	-64,50440
8,65000	-62,91384
8,65500	-60,18860
8,66000	-56,64844
8,66500	-52,72082
8,67000	-48,73232
8,67500	-44,85147
8,68000	-41,13887
8,68500	-37,59508
8,69000	-34,18450
8,69500	-30,84719
8,70000	-27,49348
8,70500	-23,98225
8,71000	-20,11894
8,71500	-15,71080
8,72000	-10,67689
8,72500	-5,18346
8,73000	0,25503
8,73500	4,80697
8,74000	7,60632
8,74500	8,24910
8,75000	7,05687
8,75500	4,77389
8,76000	2,07721
8,76500	-0,63900
8,77000	-3,22794
8,77500	-5,68638
8,78000	-8,07250
8,78500	-10,46660
8,79000	-12,95845
8,79500	-15,63805
8,80000	-18,57995
8,80500	-21,81758
8,81000	-25,30357
8,81500	-28,85121
8,82000	-32,05491
8,82500	-34,25010
8,83000	-34,68759
8,83500	-32,97203
8,84000	-29,38298
8,84500	-24,72107
8,85000	-19,84552
8,85500	-15,24607
8,86000	-10,91584
8,86500	-6,60233
8,87000	-2,12421
8,87500	2,54767
8,88000	7,36707
8,88500	12,27033
8,89000	17,17318
8,89500	21,93548
8,90000	26,33956
8,90500	30,10375
8,91000	32,88699
8,91500	34,28622
8,92000	33,97806
8,92500	32,03994
8,93000	29,06887
8,93500	25,81685
8,94000	22,74790
8,94500	19,96557
8,95000	17,38757
8,95500	14,89874
8,96000	12,42157
8,96500	9,93816
8,97000	7,49261
8,97500	5,18118
8,98000	3,11304
8,98500	1,34226
8,99000	-0,16011
8,99500	-1,44371
9,00000	-2,49583
9,00500	-3,22538
9,01000	-3,52360
9,01500	-3,36037
9,02000	-2,82945
9,02500	-2,08956
9,03000	-1,27413
9,03500	-0,45511
9,04000	0,34500
9,04500	1,12842
9,05000	1,90317
9,05500	2,67535
9,06000	3,44918
9,06500	4,22939
9,07000	5,02276
9,07500	5,83621
9,08000	6,66903
9,08500	7,49800
9,09000	8,25925
9,09500	8,84162
9,10000	9,12127
9,10500	9,04087
9,11000	8,65662
9,11500	8,09218
9,12000	7,46064
9,12500	6,83122
9,13000	6,23606
9,13500	5,68496
9,14000	5,17034
9,14500	4,65671
9,15000	4,06078
9,15500	3,24250
9,16000	2,04611
9,16500	0,39705
9,17000	-1,63808
9,17500	-3,90235
9,18000	-6,23502
9,18500	-8,50390
9,19000	-10,60058
9,19500	-12,44361
9,20000	-13,99229
9,20500	-15,25230
9,21000	-16,25287
9,21500	-16,99848
9,22000	-17,45286
9,22500	-17,59373
9,23000	-17,47393
9,23500	-17,22460
9,24000	-17,03574
9,24500	-17,15019
9,25000	-17,81815
9,25500	-19,17989
9,26000	-21,18537
9,26500	-23,65200
9,27000	-26,38881
9,27500	-29,27834
9,28000	-32,28530
9,28500	-35,40906
9,29000	-38,63650
9,29500	-41,93729
9,30000	-45,27803
9,30500	-48,62003
9,31000	-51,90079
9,31500	-55,02071
9,32000	-57,86599
9,32500	-60,37124
9,33000	-62,55246
9,33500	-64,46154
9,34000	-66,13603
9,34500	-67,61617
9,35000	-68,97840
9,35500	-70,31606
9,36000	-71,68160
9,36500	-73,02786
9,37000	-74,16118
9,37500	-74,73843
9,38000	-74,39441
9,38500	-73,01064
9,39000	-70,89339
9,39500	-68,65080
9,40000	-66,88267
9,40500	-65,90172
9,41000	-65,64839
9,41500	-65,84873
9,42000	-66,23635
9,42500	-66,65571
9,43000	-67,05592
9,43500	-67,44540
9,44000	-67,84071
9,44500	-68,21838
9,45000	-68,47379
9,45500	-68,40765
9,46000	-67,78926
9,46500	-66,49887
9,47000	-64,60326
9,47500	-62,25772
9,48000	-59,57031
9,48500	-56,58237
9,49000	-53,32380
9,49500	-49,84987
9,50000	-46,23738
9,50500	-42,55531
9,51000	-38,83690
9,51500	-35,07595
9,52000	-31,24866
9,52500	-27,35039
9,53000	-23,42417
9,53500	-19,55953
9,54000	-15,85940
9,54500	-12,38816
9,55000	-9,13480
9,55500	-6,02413
9,56000	-2,97820
9,56500	-0,01359
9,57000	2,66031
9,57500	4,61218
9,58000	5,34165
9,58500	4,61443
9,59000	2,65958
9,59500	-0,02203
9,60000	-2,98613
9,60500	-5,99220
9,61000	-8,97659
9,61500	-11,96935
9,62000	-15,01700
9,62500	-18,13346
9,63000	-21,28184
9,63500	-24,38580
9,64000	-27,36466
9,64500	-30,17515
9,65000	-32,81397
9,65500	-35,25713
9,66000	-37,39468
9,66500	-39,03411
9,67000	-39,98949
9,67500	-40,21586
9,68000	-39,86533
9,68500	-39,18448
9,69000	-38,36664
9,69500	-37,49377
9,70000	-36,56580
9,70500	-35,56223
9,71000	-34,48546
9,71500	-33,36068
9,72000	-32,21499
9,72500	-31,06545
9,73000	-29,91888
9,73500	-28,77585
9,74000	-27,63495
9,74500	-26,49598
9,75000	-25,36203
9,75500	-24,23990
9,76000	-23,13746
9,76500	-22,05807
9,77000	-20,99729
9,77500	-19,94606
9,78000	-18,89675
9,78500	-17,84707
9,79000	-16,80195
9,79500	-15,77385
9,80000	-14,77927
9,80500	-13,82686
9,81000	-12,89255
9,81500	-11,89363
9,82000	-10,70729
9,82500	-9,25217
9,83000	-7,54982
9,83500	-5,69293
9,84000	-3,77440
9,84500	-1,85198
9,85000	0,05143
9,85500	1,93728
9,86000	3,82334
9,86500	5,73952
9,87000	7,72068
9,87500	9,78477
9,88000	11,88646
9,88500	13,85972
9,89000	15,41493
9,89500	16,23876
9,90000	16,13968
9,90500	15,14742
9,91000	13,49987
9,91500	11,50730
9,92000	9,40850
9,92500	7,32656
9,93000	5,29954
9,93500	3,32418
9,94000	1,38527
9,94500	-0,53299
9,95000	-2,44415
9,95500	-4,35498
9,96000	-6,25822
9,96500	-8,12696
9,97000	-9,91703
9,97500	-11,58245
9,98000	-13,10006
9,98500	-14,49528
9,99000	-15,85678
9,99500	-17,32524
10,00000	-19,04560
10,00500	-21,09428
10,01000	-23,44327
10,01500	-26,00196
10,02000	-28,67308
10,02500	-31,35040
10,03000	-33,86889
10,03500	-35,96621
10,04000	-37,33794
10,04500	-37,79483
10,05000	-37,33660
10,05500	-36,01981
10,06000	-33,83998
10,06500	-30,82715
10,07000	-27,16789
10,07500	-23,13761
10,08000	-18,95043
10,08500	-14,69916
10,09000	-10,38606
10,09500	-5,98426
10,10000	-1,49440
10,10500	3,01469
10,11000	7,37424
10,11500	11,30714
10,12000	14,51187
10,12500	16,85096
10,13000	18,46146
10,13500	19,64137
10,14000	20,65909
10,14500	21,67036
10,15000	22,73409
10,15500	23,85456
10,16000	25,01361
10,16500	26,18324
10,17000	27,32368
10,17500	28,37960
10,18000	29,29316
10,18500	30,04157
10,19000	30,67530
10,19500	31,33091
10,20000	32,21985
10,20500	33,59309
10,21000	35,66040
10,21500	38,47366
10,22000	41,87811
10,22500	45,60412
10,23000	49,39459
10,23500	53,05462
10,24000	56,45765
10,24500	59,56616
10,25000	62,43717
10,25500	65,17438
10,26000	67,86668
10,26500	70,56275
10,27000	73,27525
10,27500	75,99217
10,28000	78,68692
10,28500	81,32400
10,29000	83,85236
10,29500	86,19154
10,30000	88,24864
10,30500	89,98256
10,31000	91,44685
10,31500	92,75227
10,32000	94,00118
10,32500	95,26077
10,33000	96,57003
10,33500	97,94871
10,34000	99,38922
10,34500	100,82442
10,35000	102,08256
10,35500	102,86993
10,36000	102,86127
10,36500	101,90745
10,37000	100,15862
10,37500	97,94184
10,38000	95,55354
10,38500	93,16776
10,39000	90,84982
10,39500	88,59531
10,40000	86,35587
10,40500	84,04770
10,41000	81,56206
10,41500	78,79559
10,42000	75,69132
10,42500	72,26779
10,43000	68,61290
10,43500	64,83570
10,44000	61,01562
10,44500	57,18792
10,45000	53,35897
10,45500	49,53197
10,46000	45,73402
10,46500	42,03679
10,47000	38,55361
10,47500	35,40208
10,48000	32,65058
10,48500	30,27932
10,49000	28,18473
10,49500	26,23482
10,50000	24,32858
10,50500	22,41387
10,51000	20,47428
10,51500	18,51129
10,52000	16,53325
10,52500	14,55310
10,53000	12,59187
10,53500	10,68117
10,54000	8,85494
10,54500	7,12851
10,55000	5,48516
10,55500	3,88678
10,56000	2,29345
10,56500	0,67366
10,57000	-0,98955
10,57500	-2,68416
10,58000	-4,34243
10,58500	-5,81352
10,59000	-6,87224
10,59500	-7,28991
10,60000	-6,93518
10,60500	-5,84741
10,61000	-4,22721
10,61500	-2,32913
10,62000	-0,34686
10,62500	1,62169
10,63000	3,54900
10,63500	5,44180
10,64000	7,31504
10,64500	9,17913
10,65000	11,03714
10,65500	12,88786
10,66000	14,73264
10,66500	16,58101
10,67000	18,44085
10,67500	20,28338
10,68000	21,99592
10,68500	23,35861
10,69000	24,10446
10,69500	24,07207
10,70000	23,31127
10,70500	22,02224
10,71000	20,41257
10,71500	18,60223
10,72000	16,61794
10,72500	14,45819
10,73000	12,15300
10,73500	9,76029
10,74000	7,33080
10,74500	4,89131
10,75000	2,44999
10,75500	0,01066
10,76000	-2,41093
10,76500	-4,77457
10,77000	-7,01668
10,77500	-9,07142
10,78000	-10,90096
10,78500	-12,51761
10,79000	-13,98093
10,79500	-15,36522
10,80000	-16,72372
10,80500	-18,07589
10,81000	-19,41427
10,81500	-20,72042
10,82000	-21,98965
10,82500	-23,26655
10,83000	-24,68494
10,83500	-26,48276
10,84000	-28,92933
10,84500	-32,15564
10,85000	-36,04521
10,85500	-40,31091
10,86000	-44,63365
10,86500	-48,72092
10,87000	-52,33366
10,87500	-55,34762
10,88000	-57,77012
10,88500	-59,63559
10,89000	-60,87284
10,89500	-61,25537
10,90000	-60,42290
10,90500	-57,94742
10,91000	-53,48428
10,91500	-47,00821
10,92000	-38,95878
10,92500	-30,13812
10,93000	-21,45270
10,93500	-13,65140
10,94000	-7,13896
10,94500	-1,91226
10,95000	2,34952
10,95500	6,06144
10,96000	9,53798
10,96500	12,96071
10,97000	16,43733
10,97500	20,03535
10,98000	23,75695
10,98500	27,46477
10,99000	30,78669
10,99500	33,08343
11,00000	33,65111
11,00500	32,17975
11,01000	29,02926
11,01500	24,96753
11,02000	20,70064
11,02500	16,62979
11,03000	12,86058
11,03500	9,32889
11,04000	5,92236
11,04500	2,53056
11,05000	-0,96068
11,05500	-4,68052
11,06000	-8,73673
11,06500	-13,11762
11,07000	-17,61085
11,07500	-21,83217
11,08000	-25,38281
11,08500	-28,07502
11,09000	-30,04491
11,09500	-31,62889
11,10000	-33,15271
11,10500	-34,80409
11,11000	-36,56508
11,11500	-38,15900
11,12000	-39,09601
11,12500	-38,88015
11,13000	-37,22884
11,13500	-34,14328
11,14000	-29,85304
11,14500	-24,71050
11,15000	-19,07495
11,15500	-13,21148
11,16000	-7,24503
11,16500	-1,19490
11,17000	4,95007
11,17500	11,15759
11,18000	17,27699
11,18500	22,97276
11,19000	27,74167
11,19500	31,07151
11,20000	32,66782
11,20500	32,61911
11,21000	31,37599
11,21500	29,51012
11,22000	27,45585
11,22500	25,43130
11,23000	23,49485
11,23500	21,62702
11,24000	19,79213
11,24500	17,97354
11,25000	16,18969
11,25500	14,49448
11,26000	12,95375
11,26500	11,59905
11,27000	10,39945
11,27500	9,28297
11,28000	8,17735
11,28500	7,03354
11,29000	5,83881
11,29500	4,63796
11,30000	3,56317
11,30500	2,84540
11,31000	2,74631
11,31500	3,40015
11,32000	4,71421
11,32500	6,44956
11,33000	8,37260
11,33500	10,33347
11,34000	12,26749
11,34500	14,16572
11,35000	16,04402
11,35500	17,92184
11,36000	19,80897
11,36500	21,69481
11,37000	23,53835
11,37500	25,26609
11,38000	26,79641
11,38500	28,09268
11,39000	29,19526
11,39500	30,19207
11,40000	31,16578
11,40500	32,16456
11,41000	33,19131
11,41500	34,19277
11,42000	35,04964
11,42500	35,58252
11,43000	35,59111
11,43500	34,92865
11,44000	33,56957
11,44500	31,62366
11,45000	29,29059
11,45500	26,77539
11,46000	24,21930
11,46500	21,68797
11,47000	19,19581
11,47500	16,73176
11,48000	14,27377
11,48500	11,79350
11,49000	9,25977
11,49500	6,65247
11,50000	3,99741
11,50500	1,41286
11,51000	-0,88366
11,51500	-2,65030
11,52000	-3,74165
11,52500	-4,21399
11,53000	-4,36575
11,53500	-4,67826
11,54000	-5,66532
11,54500	-7,67644
11,55000	-10,76046
11,55500	-14,68068
11,56000	-19,05610
11,56500	-23,54886
11,57000	-27,98157
11,57500	-32,31057
11,58000	-36,52253
11,58500	-40,55179
11,59000	-44,26212
11,59500	-47,49705
11,60000	-50,15871
11,60500	-52,26272
11,61000	-53,92572
11,61500	-55,28176
11,62000	-56,41339
11,62500	-57,36313
11,63000	-58,15830
11,63500	-58,77696
11,64000	-59,09864
11,64500	-58,91436
11,65000	-58,01504
11,65500	-56,31741
11,66000	-53,90360
11,66500	-50,90031
11,67000	-47,33433
11,67500	-43,11828
11,68000	-38,15307
11,68500	-32,46127
11,69000	-26,25668
11,69500	-19,90019
11,70000	-13,80887
11,70500	-8,38255
11,71000	-3,90995
11,71500	-0,43928
11,72000	2,25146
11,72500	4,48312
11,73000	6,45425
11,73500	8,15970
11,74000	9,47354
11,74500	10,31947
11,75000	10,76706
11,75500	10,94661
11,76000	10,88991
11,76500	10,45448
11,77000	9,39404
11,77500	7,54613
11,78000	4,97447
11,78500	1,93416
11,79000	-1,26591
11,79500	-4,38185
11,80000	-7,29059
11,80500	-9,98234
11,81000	-12,51635
11,81500	-14,96943
11,82000	-17,40091
11,82500	-19,84552
11,83000	-22,32181
11,83500	-24,83874
11,84000	-27,39071
11,84500	-29,93827
11,85000	-32,38148
11,85500	-34,55008
11,86000	-36,25666
11,86500	-37,41848
11,87000	-38,12963
11,87500	-38,58872
11,88000	-38,97192
11,88500	-39,36589
11,89000	-39,75589
11,89500	-40,03372
11,90000	-40,02999
11,90500	-39,57547
11,91000	-38,54501
11,91500	-36,85402
11,92000	-34,46337
11,92500	-31,43311
11,93000	-27,94677
11,93500	-24,23437
11,94000	-20,46560
11,94500	-16,70245
11,95000	-12,90285
11,95500	-8,94705
11,96000	-4,69889
11,96500	-0,11237
11,97000	4,66573
11,97500	9,27597
11,98000	13,27873
11,98500	16,41920
11,99000	18,78927
11,99500	20,70338
12,00000	22,45983
12,00500	24,20700
12,01000	25,91537
12,01500	27,39648
12,02000	28,37714
12,02500	28,63686
12,03000	28,12319
12,03500	26,96098
12,04000	25,37647
12,04500	23,59474
12,05000	21,76768
12,05500	19,96417
12,06000	18,19748
12,06500	16,45500
12,07000	14,71760
12,07500	12,96993
12,08000	11,20736
12,08500	9,44471
12,09000	7,72684
12,09500	6,13186
12,10000	4,74643
12,10500	3,61057
12,11000	2,68534
12,11500	1,88543
12,12000	1,13406
12,12500	0,38637
12,13000	-0,37650
12,13500	-1,16134
12,14000	-1,97306
12,14500	-2,81886
12,15000	-3,71222
12,15500	-4,67875
12,16000	-5,75036
12,16500	-6,94116
12,17000	-8,23097
12,17500	-9,57900
12,18000	-10,94848
12,18500	-12,31714
12,19000	-13,67481
12,19500	-15,01854
12,20000	-16,35101
12,20500	-17,68382
12,21000	-19,04370
12,21500	-20,47508
12,22000	-22,02648
12,22500	-23,71934
12,23000	-25,53000
12,23500	-27,40954
12,24000	-29,31728
12,24500	-31,23686
12,25000	-33,17412
12,25500	-35,14446
12,26000	-37,15018
12,26500	-39,14649
12,27000	-41,00328
12,27500	-42,49180
12,28000	-43,35680
12,28500	-43,48070
12,29000	-42,98046
12,29500	-42,11119
12,30000	-41,10273
12,30500	-40,08813
12,31000	-39,11716
12,31500	-38,19266
12,32000	-37,29903
12,32500	-36,41476
12,33000	-35,51275
12,33500	-34,55800
12,34000	-33,51513
12,34500	-32,36882
12,35000	-31,13593
12,35500	-29,85210
12,36000	-28,54976
12,36500	-27,24880
12,37000	-25,95870
12,37500	-24,68254
12,38000	-23,41793
12,38500	-22,15307
12,39000	-20,86027
12,39500	-19,49327
12,40000	-18,00168
12,40500	-16,36379
12,41000	-14,60598
12,41500	-12,78262
12,42000	-10,94078
12,42500	-9,10021
12,43000	-7,24824
12,43500	-5,34202
12,44000	-3,32317
12,44500	-1,14830
12,45000	1,18234
12,45500	3,61753
12,46000	6,07126
12,46500	8,44739
12,47000	10,63631
12,47500	12,47583
12,48000	13,75318
12,48500	14,30254
12,49000	14,10938
12,49500	13,31640
12,50000	12,13587
12,50500	10,72254
12,51000	9,07817
12,51500	7,05737
12,52000	4,51099
12,52500	1,51080
12,53000	-1,59072
12,53500	-4,41215
12,54000	-6,81507
12,54500	-8,89853
12,55000	-10,83545
12,55500	-12,76108
12,56000	-14,73531
12,56500	-16,72834
12,57000	-18,60652
12,57500	-20,13500
12,58000	-21,05564
12,58500	-21,24927
12,59000	-20,82975
12,59500	-20,04777
12,60000	-19,12931
12,60500	-18,20443
12,61000	-17,31959
12,61500	-16,47303
12,62000	-15,64418
12,62500	-14,81072
12,63000	-13,95828
12,63500	-13,09035
12,64000	-12,24236
12,64500	-11,49502
12,65000	-10,96882
12,65500	-10,78586
12,66000	-11,01615
12,66500	-11,63853
12,67000	-12,54561
12,67500	-13,60090
12,68000	-14,69999
12,68500	-15,78927
12,69000	-16,85299
12,69500	-17,89566
12,70000	-18,93089
12,70500	-19,97747
12,71000	-21,05813
12,71500	-22,19303
12,72000	-23,37940
12,72500	-24,55290
12,73000	-25,54104
12,73500	-26,04856
12,74000	-25,75422
12,74500	-24,52905
12,75000	-22,57250
12,75500	-20,29600
12,76000	-18,08854
12,76500	-16,16230
12,77000	-14,53243
12,77500	-13,10329
12,78000	-11,77246
12,78500	-10,47829
12,79000	-9,19411
12,79500	-7,89787
12,80000	-6,53621
12,80500	-5,00156
12,81000	-3,15115
12,81500	-0,87824
12,82000	1,81694
12,82500	4,80439
12,83000	7,82594
12,83500	10,50432
12,84000	12,41443
12,84500	13,24653
12,85000	12,94711
12,85500	11,71776
12,86000	9,89587
12,86500	7,79613
12,87000	5,59672
12,87500	3,32556
12,88000	0,92684
12,88500	-1,64398
12,89000	-4,36497
12,89500	-7,17103
12,90000	-10,00673
12,90500	-12,85080
12,91000	-15,71142
12,91500	-18,60857
12,92000	-21,54639
12,92500	-24,47306
12,93000	-27,23629
12,93500	-29,56788
12,94000	-31,16853
12,94500	-31,90034
12,95000	-31,90086
12,95500	-31,47108
12,96000	-30,88462
12,96500	-30,30317
12,97000	-29,78810
12,97500	-29,33410
12,98000	-28,88943
12,98500	-28,36043
12,99000	-27,62193
12,99500	-26,55293
13,00000	-25,08554
13,00500	-23,24026
13,01000	-21,12021
13,01500	-18,85657
13,02000	-16,55123
13,02500	-14,26049
13,03000	-12,00822
13,03500	-9,80033
13,04000	-7,62647
13,04500	-5,44595
13,05000	-3,16524
13,05500	-0,62978
13,06000	2,32805
13,06500	5,78028
13,07000	9,63994
13,07500	13,72771
13,08000	17,88739
13,08500	22,04660
13,09000	26,22547
13,09500	30,52337
13,10000	35,07774
13,10500	39,97399
13,11000	45,10529
13,11500	50,05471
13,12000	54,20213
13,12500	57,12490
13,13000	58,89548
13,13500	59,93229
13,14000	60,66342
13,14500	61,35914
13,15000	62,13773
13,15500	63,02359
13,16000	63,99143
13,16500	64,97501
13,17000	65,84968
13,17500	66,42190
13,18000	66,48377
13,18500	65,94186
13,19000	64,89321
13,19500	63,54581
13,20000	62,08535
13,20500	60,61684
13,21000	59,17559
13,21500	57,75869
13,22000	56,35368
13,22500	54,95886
13,23000	53,59569
13,23500	52,31130
13,24000	51,16076
13,24500	50,16967
13,25000	49,31239
13,25500	48,53386
13,26000	47,78707
13,26500	47,05079
13,27000	46,32712
13,27500	45,62883
13,28000	44,95862
13,28500	44,27963
13,29000	43,48319
13,29500	42,37779
13,30000	40,75005
13,30500	38,50267
13,31000	35,73518
13,31500	32,66137
13,32000	29,46898
13,32500	26,25626
13,33000	23,04257
13,33500	19,80704
13,34000	16,53752
13,34500	13,28713
13,35000	10,23013
13,35500	7,68024
13,36000	5,98997
13,36500	5,32313
13,37000	5,52005
13,37500	6,22910
13,38000	7,12978
13,38500	8,02867
13,39000	8,84024
13,39500	9,54239
13,40000	10,15549
13,40500	10,75954
13,41000	11,53648
13,41500	12,79195
13,42000	14,87092
13,42500	17,94853
13,43000	21,88295
13,43500	26,28068
13,44000	30,62885
13,44500	34,34777
13,45000	36,88157
13,45500	37,92820
13,46000	37,59906
13,46500	36,30372
13,47000	34,50468
13,47500	32,55353
13,48000	30,64322
13,48500	28,83629
13,49000	27,12043
13,49500	25,45767
13,50000	23,81349
13,50500	22,16530
13,51000	20,49982
13,51500	18,81014
13,52000	17,09888
13,52500	15,38989
13,53000	13,74440
13,53500	12,26726
13,54000	11,07462
13,54500	10,21981
13,55000	9,64944
13,55500	9,24732
13,56000	8,90869
13,56500	8,57258
13,57000	8,21564
13,57500	7,83585
13,58000	7,44033
13,58500	7,04119
13,59000	6,65714
13,59500	6,31521
13,60000	6,04389
13,60500	5,85588
13,61000	5,73785
13,61500	5,66123
13,62000	5,60000
13,62500	5,53835
13,63000	5,46898
13,63500	5,38979
13,64000	5,30260
13,64500	5,21548
13,65000	5,14712
13,65500	5,12863
13,66000	5,19423
13,66500	5,35946
13,67000	5,60840
13,67500	5,90679
13,68000	6,22410
13,68500	6,54336
13,69000	6,85935
13,69500	7,17323
13,70000	7,48704
13,70500	7,79905
13,71000	8,10008
13,71500	8,37248
13,72000	8,59602
13,72500	8,76107
13,73000	8,87648
13,73500	8,96233
13,74000	9,03761
13,74500	9,11515
13,75000	9,20282
13,75500	9,30491
13,76000	9,41999
13,76500	9,53378
13,77000	9,60945
13,77500	9,58397
13,78000	9,38770
13,78500	8,98903
13,79000	8,42063
13,79500	7,75236
13,80000	7,04540
13,80500	6,33145
13,81000	5,61623
13,81500	4,89233
13,82000	4,15586
13,82500	3,42607
13,83000	2,76504
13,83500	2,28412
13,84000	2,10809
13,84500	2,29443
13,85000	2,78578
13,85500	3,45740
13,86000	4,19786
13,86500	4,94464
13,87000	5,67768
13,87500	6,39980
13,88000	7,11777
13,88500	7,82729
13,89000	8,50244
13,89500	9,09416
13,90000	9,54954
13,90500	9,84992
13,91000	10,02521
13,91500	10,11132
13,92000	10,08556
13,92500	9,83666
13,93000	9,20566
13,93500	8,09012
13,94000	6,51638
13,94500	4,60228
13,95000	2,46641
13,95500	0,17045
13,96000	-2,27340
13,96500	-4,84506
13,97000	-7,47990
13,97500	-10,10235
13,98000	-12,67774
13,98500	-15,21987
13,99000	-17,76695
13,99500	-20,35626
14,00000	-22,99685
14,00500	-25,63026
14,01000	-28,08493
14,01500	-30,06103
14,02000	-31,22516
14,02500	-31,42397
14,03000	-30,80978
14,03500	-29,71429
14,04000	-28,43485
14,04500	-27,14110
14,05000	-25,89364
14,05500	-24,69530
14,06000	-23,53590
14,06500	-22,41845
14,07000	-21,36483
14,07500	-20,40423
14,08000	-19,55410
14,08500	-18,80561
14,09000	-18,12327
14,09500	-17,46293
14,10000	-16,79663
14,10500	-16,13240
14,11000	-15,52800
14,11500	-15,09172
14,12000	-14,94460
14,12500	-15,14139
14,13000	-15,62452
14,13500	-16,27030
14,14000	-16,96927
14,14500	-17,66411
14,15000	-18,33832
14,15500	-18,97695
14,16000	-19,52296
14,16500	-19,85607
14,17000	-19,82794
14,17500	-19,35348
14,18000	-18,46812
14,18500	-17,27429
14,19000	-15,83026
14,19500	-14,07433
14,20000	-11,84395
14,20500	-8,99244
14,21000	-5,49744
14,21500	-1,46528
14,22000	2,93546
14,22500	7,54360
14,23000	12,24789
14,23500	16,99465
14,24000	21,76658
14,24500	26,54080
14,25000	31,23713
14,25500	35,67909
14,26000	39,61259
14,26500	42,79789
14,27000	45,09139
14,27500	46,44871
14,28000	46,90973
14,28500	46,62491
14,29000	45,85893
14,29500	44,90390
14,30000	43,96336
14,30500	43,08225
14,31000	42,10862
14,31500	40,68671
14,32000	38,38033
14,32500	34,95227
14,33000	30,53917
14,33500	25,51011
14,34000	20,21656
14,34500	14,89691
14,35000	9,72507
14,35500	4,88619
14,36000	0,58426
14,36500	-3,05078
14,37000	-6,07007
14,37500	-8,72183
14,38000	-11,34978
14,38500	-14,21669
14,39000	-17,39034
14,39500	-20,79066
14,40000	-24,30617
14,40500	-27,86020
14,41000	-31,41775
14,41500	-34,96539
14,42000	-38,48438
14,42500	-41,92947
14,43000	-45,22683
14,43500	-48,29802
14,44000	-51,09623
14,44500	-53,63334
14,45000	-55,97813
14,45500	-58,22073
14,46000	-60,43579
14,46500	-62,67422
14,47000	-64,97289
14,47500	-67,35737
14,48000	-69,82082
14,48500	-72,27277
14,49000	-74,47313
14,49500	-76,00750
14,50000	-76,41565
14,50500	-75,48586
14,51000	-73,42823
14,51500	-70,69939
14,52000	-67,70744
14,52500	-64,68565
14,53000	-61,72456
14,53500	-58,85185
14,54000	-56,10049
14,54500	-53,53658
14,55000	-51,22555
14,55500	-49,15165
14,56000	-47,18908
14,56500	-45,18883
14,57000	-43,07938
14,57500	-40,87170
14,58000	-38,60621
14,58500	-36,31457
14,59000	-34,00905
14,59500	-31,68825
14,60000	-29,35234
14,60500	-27,02456
14,61000	-24,77403
14,61500	-22,72380
14,62000	-21,01190
14,62500	-19,70214
14,63000	-18,73130
14,63500	-17,96108
14,64000	-17,26634
14,64500	-16,57344
14,65000	-15,85296
14,65500	-15,10079
14,66000	-14,32550
14,66500	-13,54662
14,67000	-12,80058
14,67500	-12,14410
14,68000	-11,63834
14,68500	-11,31086
14,69000	-11,13308
14,69500	-11,04364
14,70000	-10,98756
14,70500	-10,93326
14,71000	-10,86934
14,71500	-10,79565
14,72000	-10,71596
14,72500	-10,63401
14,73000	-10,55230
14,73500	-10,47216
14,74000	-10,39401
14,74500	-10,31745
14,75000	-10,24152
14,75500	-10,16583
14,76000	-10,09210
14,76500	-10,02543
14,77000	-9,97380
14,77500	-9,94388
14,78000	-9,93046
14,78500	-9,89917
14,79000	-9,76897
14,79500	-9,41382
14,80000	-8,71894
14,80500	-7,68929
14,81000	-6,50125
14,81500	-5,41256
14,82000	-4,61894
14,82500	-4,17696
14,83000	-4,01630
14,83500	-4,01330
14,84000	-4,06481
14,84500	-4,11531
14,85000	-4,14846
14,85500	-4,16967
14,86000	-4,19104
14,86500	-4,22005
14,87000	-4,24924
14,87500	-4,24612
14,88000	-4,14912
14,88500	-3,87843
14,89000	-3,36782
14,89500	-2,60726
14,90000	-1,65281
14,90500	-0,57443
14,91000	0,61403
14,91500	1,98159
14,92000	3,63825
14,92500	5,64185
14,93000	7,94059
14,93500	10,41528
14,94000	12,95829
14,94500	15,50972
14,95000	18,05185
14,95500	20,58969
14,96000	23,13022
14,96500	25,66295
14,97000	28,14359
14,97500	30,48934
14,98000	32,60642
14,98500	34,45100
14,99000	36,06350
14,99500	37,52944
15,00000	38,91627
15,00500	40,24874
15,01000	41,52243
15,01500	42,73070
15,02000	43,88290
15,02500	45,00351
15,03000	46,12417
15,03500	47,28088
15,04000	48,51021
15,04500	49,83801
15,05000	51,27349
15,05500	52,81591
15,06000	54,45087
15,06500	56,11135
15,07000	57,61042
15,07500	58,59172
15,08000	58,59208
15,08500	57,25514
15,09000	54,53780
15,09500	50,74075
15,10000	46,37476
15,10500	41,95036
15,11000	37,80466
15,11500	34,04773
15,12000	30,61419
15,12500	27,36801
15,13000	24,19293
15,13500	21,02311
15,14000	17,83027
15,14500	14,59941
15,15000	11,31157
15,15500	7,94434
15,16000	4,49845
15,16500	1,03839
15,17000	-2,30939
15,17500	-5,43240
15,18000	-8,30586
15,18500	-10,98818
15,19000	-13,56877
15,19500	-16,12420
15,20000	-18,69467
15,20500	-21,27356
15,21000	-23,80155
15,21500	-26,16972
15,22000	-28,25696
15,22500	-30,00601
15,23000	-31,46767
15,23500	-32,75788
15,24000	-33,98576
15,24500	-35,22377
15,25000	-36,51439
15,25500	-37,87941
15,26000	-39,31089
15,26500	-40,73639
15,27000	-41,97033
15,27500	-42,69514
15,28000	-42,55901
15,28500	-41,40025
15,29000	-39,38032
15,29500	-36,85163
15,30000	-34,13385
15,30500	-31,41639
15,31000	-28,77593
15,31500	-26,22080
15,32000	-23,71789
15,32500	-21,19170
15,33000	-18,51052
15,33500	-15,49635
15,34000	-12,01450
15,34500	-8,12953
15,35000	-4,13831
15,35500	-0,35996
15,36000	3,08567
15,36500	6,27356
15,37000	9,34068
15,37500	12,39518
15,38000	15,48592
15,38500	18,59197
15,39000	21,61287
15,39500	24,37144
15,40000	26,67270
15,40500	28,42603
15,41000	29,71614
15,41500	30,73146
15,42000	31,64414
15,42500	32,55841
15,43000	33,52063
15,43500	34,54278
15,44000	35,61293
15,44500	36,68510
15,45000	37,65614
15,45500	38,35547
15,46000	38,59593
15,46500	38,29200
15,47000	37,52989
15,47500	36,49691
15,48000	35,36243
15,48500	34,22634
15,49000	33,12912
15,49500	32,07700
15,50000	31,05826
15,50500	30,04387
15,51000	28,97769
15,51500	27,77126
15,52000	26,32931
15,52500	24,60986
15,53000	22,65911
15,53500	20,57311
15,54000	18,43314
15,54500	16,27543
15,55000	14,09558
15,55500	11,87076
15,56000	9,59610
15,56500	7,33666
15,57000	5,28475
15,57500	3,77967
15,58000	3,20050
15,58500	3,72230
15,59000	5,17199
15,59500	7,17071
15,60000	9,37535
15,60500	11,58364
15,61000	13,71429
15,61500	15,75632
15,62000	17,73588
15,62500	19,71330
15,63000	21,79953
15,63500	24,16142
15,64000	26,96536
15,64500	30,24918
15,65000	33,82911
15,65500	37,34739
15,66000	40,43051
15,66500	42,86002
15,67000	44,62476
15,67500	45,80177
15,68000	46,43628
15,68500	46,56999
15,69000	46,30702
15,69500	45,78136
15,70000	45,08946
15,70500	44,28494
15,71000	43,40852
15,71500	42,49748
15,72000	41,57920
15,72500	40,67002
15,73000	39,78016
15,73500	38,91602
15,74000	38,07490
15,74500	37,23064
15,75000	36,31467
15,75500	35,20874
15,76000	33,78128
15,76500	31,97140
15,77000	29,83888
15,77500	27,51597
15,78000	25,12531
15,78500	22,74475
15,79000	20,41283
15,79500	18,13936
15,80000	15,90142
15,80500	13,62142
15,81000	11,14263
15,81500	8,24248
15,82000	4,74956
15,82500	0,74492
15,83000	-3,39439
15,83500	-7,26245
15,84000	-10,70704
15,84500	-13,82433
15,85000	-16,78996
15,85500	-19,74293
15,86000	-22,74534
15,86500	-25,76625
15,87000	-28,66614
15,87500	-31,19929
15,88000	-33,09534
15,88500	-34,22932
15,89000	-34,72017
15,89500	-34,83017
15,90000	-34,79606
15,90500	-34,75505
15,91000	-34,75864
15,91500	-34,81002
15,92000	-34,89351
15,92500	-34,98731
15,93000	-35,06355
15,93500	-35,08527
15,94000	-35,01323
15,94500	-34,82719
15,95000	-34,54276
15,95500	-34,20826
15,96000	-33,89590
15,96500	-33,69912
15,97000	-33,71498
15,97500	-33,99872
15,98000	-34,53147
15,98500	-35,23872
15,99000	-36,03333
15,99500	-36,84501
16,00000	-37,63135
16,00500	-38,37789
16,01000	-39,09176
16,01500	-39,79149
16,02000	-40,49756
16,02500	-41,22603
16,03000	-41,98045
16,03500	-42,73684
16,04000	-43,42389
16,04500	-43,91362
16,05000	-44,05639
16,05500	-43,76704
16,06000	-43,08328
16,06500	-42,12984
16,07000	-41,04042
16,07500	-39,91035
16,08000	-38,78848
16,08500	-37,69085
16,09000	-36,61861
16,09500	-35,56876
16,10000	-34,53473
16,10500	-33,49788
16,11000	-32,41492
16,11500	-31,21254
16,12000	-29,80962
16,12500	-28,16935
16,13000	-26,32990
16,13500	-24,37309
16,14000	-22,37109
16,14500	-20,36264
16,15000	-18,35725
16,15500	-16,34932
16,16000	-14,33453
16,16500	-12,32712
16,17000	-10,37560
16,17500	-8,56711
16,18000	-6,99758
16,18500	-5,70581
16,19000	-4,63208
16,19500	-3,65245
16,20000	-2,64869
16,20500	-1,55478
16,21000	-0,36367
16,21500	0,89724
16,22000	2,19386
16,22500	3,49343
16,23000	4,75637
16,23500	5,92844
16,24000	6,95275
16,24500	7,80456
16,25000	8,51246
16,25500	9,13586
16,26000	9,72734
16,26500	10,31620
16,27000	10,91167
16,27500	11,51214
16,28000	12,11407
16,28500	12,71915
16,29000	13,33954
16,29500	13,99912
16,30000	14,72527
16,30500	15,53067
16,31000	16,40272
16,31500	17,31407
16,32000	18,24070
16,32500	19,17006
16,33000	20,09981
16,33500	21,03275
16,34000	21,97043
16,34500	22,90558
16,35000	23,81457
16,35500	24,65490
16,36000	25,37888
16,36500	25,96433
16,37000	26,43286
16,37500	26,83205
16,38000	27,20538
16,38500	27,57917
16,39000	27,96522
16,39500	28,36666
16,40000	28,78048
16,40500	29,19472
16,41000	29,58233
16,41500	29,89844
16,42000	30,09374
16,42500	30,14556
16,43000	30,07641
16,43500	29,93558
16,44000	29,76819
16,44500	29,60203
16,45000	29,45029
16,45500	29,31727
16,46000	29,19977
16,46500	29,08213
16,47000	28,92722
16,47500	28,67285
16,48000	28,25050
16,48500	27,62889
16,49000	26,83966
16,49500	25,95139
16,50000	25,02566
16,50500	24,09784
16,51000	23,18075
16,51500	22,27463
16,52000	21,37541
16,52500	20,47910
16,53000	19,58321
16,53500	18,68633
16,54000	17,78742
16,54500	16,88530
16,55000	15,97911
16,55500	15,07014
16,56000	14,16486
16,56500	13,27797
16,57000	12,43175
16,57500	11,64551
16,58000	10,90770
16,58500	10,12896
16,59000	9,09246
16,59500	7,45313
16,60000	4,88167
16,60500	1,35014
16,61000	-2,72807
16,61500	-6,72272
16,62000	-10,12804
16,62500	-12,71566
16,63000	-14,50922
16,63500	-15,69293
16,64000	-16,51055
16,64500	-17,17805
16,65000	-17,83602
16,65500	-18,55449
16,66000	-19,35895
16,66500	-20,24644
16,67000	-21,19451
16,67500	-22,17437
16,68000	-23,16284
16,68500	-24,14488
16,69000	-25,11049
16,69500	-26,05310
16,70000	-26,97450
16,70500	-27,89796
16,71000	-28,88545
16,71500	-30,04475
16,72000	-31,49716
16,72500	-33,30172
16,73000	-35,40789
16,73500	-37,69338
16,74000	-40,02895
16,74500	-42,30138
16,75000	-44,41035
16,75500	-46,27548
16,76000	-47,85183
16,76500	-49,13400
16,77000	-50,13099
16,77500	-50,82006
16,78000	-51,14592
16,78500	-51,10025
16,79000	-50,78433
16,79500	-50,36023
16,80000	-49,94082
16,80500	-49,49783
16,81000	-48,80188
16,81500	-47,42158
16,82000	-44,88301
16,82500	-41,00062
16,83000	-36,08449
16,83500	-30,77298
16,84000	-25,67713
16,84500	-21,12428
16,85000	-17,11205
16,85500	-13,45790
16,86000	-9,99041
16,86500	-6,63902
16,87000	-3,41683
16,87500	-0,35254
16,88000	2,55621
16,88500	5,32338
16,89000	7,91813
16,89500	10,23048
16,90000	12,11163
16,90500	13,49002
16,91000	14,44603
16,91500	15,15218
16,92000	15,76459
16,92500	16,37536
16,93000	17,02189
16,93500	17,71006
16,94000	18,42914
16,94500	19,15232
16,95000	19,82739
16,95500	20,37170
16,96000	20,69569
16,96500	20,75884
16,97000	20,60270
16,97500	20,31701
16,98000	19,98268
16,98500	19,64709
16,99000	19,32894
16,99500	19,03058
17,00000	18,74646
17,00500	18,46478
17,01000	18,16432
17,01500	17,81240
17,02000	17,37387
17,02500	16,83286
17,03000	16,20567
17,03500	15,52752
17,04000	14,83039
17,04500	14,13351
17,05000	13,44533
17,05500	12,76789
17,06000	12,09894
17,06500	11,43027
17,07000	10,74370
17,07500	10,00935
17,08000	9,19463
17,08500	8,28497
17,09000	7,29600
17,09500	6,26065
17,10000	5,20730
17,10500	4,14964
17,11000	3,08793
17,11500	2,01542
17,12000	0,92822
17,12500	-0,16073
17,13000	-1,20534
17,13500	-2,11849
17,14000	-2,79868
17,14500	-3,19573
17,15000	-3,35140
17,15500	-3,36327
17,16000	-3,32131
17,16500	-3,27961
17,17000	-3,26064
17,17500	-3,26701
17,18000	-3,28800
17,18500	-3,29815
17,19000	-3,25287
17,19500	-3,09355
17,20000	-2,78057
17,20500	-2,34772
17,21000	-1,90941
17,21500	-1,57945
17,22000	-1,39243
17,22500	-1,31830
17,23000	-1,32677
17,23500	-1,42642
17,24000	-1,65783
17,24500	-2,05696
17,25000	-2,63468
17,25500	-3,39774
17,26000	-4,36505
17,26500	-5,53879
17,27000	-6,87503
17,27500	-8,30300
17,28000	-9,76464
17,28500	-11,23215
17,29000	-12,70323
17,29500	-14,18770
17,30000	-15,68955
17,30500	-17,18456
17,31000	-18,59694
17,31500	-19,79158
17,32000	-20,61703
17,32500	-21,00292
17,33000	-21,01779
17,33500	-20,81269
17,34000	-20,52576
17,34500	-20,24126
17,35000	-19,99777
17,35500	-19,80647
17,36000	-19,65768
17,36500	-19,50961
17,37000	-19,26586
17,37500	-18,76592
17,38000	-17,83334
17,38500	-16,38758
17,39000	-14,51000
17,39500	-12,37667
17,40000	-10,14533
17,40500	-7,90624
17,41000	-5,69277
17,41500	-3,50906
17,42000	-1,35342
17,42500	0,76724
17,43000	2,82673
17,43500	4,77264
17,44000	6,54201
17,44500	8,10554
17,45000	9,49595
17,45500	10,78373
17,46000	12,03453
17,46500	13,29160
17,47000	14,57999
17,47500	15,91235
17,48000	17,28385
17,48500	18,65187
17,49000	19,90747
17,49500	20,86439
17,50000	21,31640
17,50500	21,16889
17,51000	20,51674
17,51500	19,56624
17,52000	18,50321
17,52500	17,43530
17,53000	16,40298
17,53500	15,40882
17,54000	14,44014
17,54500	13,47855
17,55000	12,49946
17,55500	11,47001
17,56000	10,35675
17,56500	9,14546
17,57000	7,85285
17,57500	6,51309
17,58000	5,15551
17,58500	3,79411
17,59000	2,42866
17,59500	1,05091
17,60000	-0,34552
17,60500	-1,75126
17,61000	-3,12683
17,61500	-4,39836
17,62000	-5,48151
17,62500	-6,33488
17,63000	-6,99189
17,63500	-7,53140
17,64000	-8,02709
17,64500	-8,52578
17,65000	-9,05165
17,65500	-9,61454
17,66000	-10,20970
17,66500	-10,80472
17,67000	-11,31886
17,67500	-11,61402
17,68000	-11,53543
17,68500	-11,00693
17,69000	-10,08782
17,69500	-8,91913
17,70000	-7,63801
17,70500	-6,35741
17,71000	-5,20119
17,71500	-4,33642
17,72000	-3,94021
17,72500	-4,09192
17,73000	-4,70781
17,73500	-5,61218
17,74000	-6,65154
17,74500	-7,73678
17,75000	-8,82725
17,75500	-9,90868
17,76000	-10,97957
17,76500	-12,04275
17,77000	-13,10061
17,77500	-14,15380
17,78000	-15,20270
17,78500	-16,25103
17,79000	-17,31054
17,79500	-18,40397
17,80000	-19,56040
17,80500	-20,79951
17,81000	-22,11244
17,81500	-23,44606
17,82000	-24,68624
17,82500	-25,64995
17,83000	-26,13245
17,83500	-26,01888
17,84000	-25,34434
17,84500	-24,20445
17,85000	-22,59865
17,85500	-20,35258
17,86000	-17,22885
17,86500	-13,20777
17,87000	-8,64832
17,87500	-4,10485
17,88000	-0,01106
17,88500	3,48332
17,89000	6,48430
17,89500	9,20829
17,90000	11,83287
17,90500	14,42336
17,91000	16,92045
17,91500	19,16227
17,92000	20,96126
17,92500	22,23379
17,93000	23,07137
17,93500	23,66632
17,94000	24,18077
17,94500	24,67067
17,95000	25,06586
17,95500	25,18642
17,96000	24,82206
17,96500	23,87324
17,97000	22,42874
17,97500	20,68486
17,98000	18,81509
17,98500	16,91919
17,99000	15,03739
17,99500	13,17434
18,00000	11,31854
18,00500	9,46393
18,01000	7,63821
18,01500	5,93404
18,02000	4,52390
18,02500	3,63170
18,03000	3,44437
18,03500	3,98833
18,04000	5,08581
18,04500	6,46571
18,05000	7,91060
18,05500	9,30854
18,06000	10,62774
18,06500	11,87650
18,07000	13,07442
18,07500	14,23767
18,08000	15,37313
18,08500	16,47557
18,09000	17,52510
18,09500	18,48776
18,10000	19,32784
18,10500	20,03261
18,11000	20,62690
18,11500	21,15870
18,12000	21,67180
18,12500	22,18502
18,13000	22,67454
18,13500	23,05557
18,14000	23,17800
18,14500	22,85946
18,15000	21,96891
18,15500	20,53363
18,16000	18,76026
18,16500	16,90651
18,17000	15,13676
18,17500	13,49757
18,18000	11,97164
18,18500	10,52621
18,19000	9,13515
18,19500	7,78408
18,20000	6,46872
18,20500	5,19353
18,21000	3,97269
18,21500	2,83132
18,22000	1,80038
18,22500	0,90299
18,23000	0,14449
18,23500	-0,48400
18,24000	-0,99825
18,24500	-1,42020
18,25000	-1,77767
18,25500	-2,09748
18,26000	-2,39701
18,26500	-2,68147
18,27000	-2,94536
18,27500	-3,17558
18,28000	-3,35787
18,28500	-3,48676
18,29000	-3,57053
18,29500	-3,62504
18,30000	-3,66414
18,30500	-3,69571
18,31000	-3,72263
18,31500	-3,74501
18,32000	-3,76206
18,32500	-3,77292
18,33000	-3,77694
18,33500	-3,77360
18,34000	-3,76259
18,34500	-3,74400
18,35000	-3,71864
18,35500	-3,68792
18,36000	-3,65356
18,36500	-3,61717
18,37000	-3,57914
18,37500	-3,53663
18,38000	-3,48093
18,38500	-3,39631
18,39000	-3,26445
18,39500	-3,07536
18,40000	-2,83527
18,40500	-2,56339
18,41000	-2,28254
18,41500	-2,01104
18,42000	-1,75917
18,42500	-1,53025
18,43000	-1,32372
18,43500	-1,13772
18,44000	-0,97061
18,44500	-0,82148
18,45000	-0,69003
18,45500	-0,57609
18,46000	-0,47913
18,46500	-0,39796
18,47000	-0,33090
18,47500	-0,27619
18,48000	-0,23241
18,48500	-0,19850
18,49000	-0,17371
18,49500	-0,15738
18,50000	-0,14889
18,50500	-0,14762
18,51000	-0,15299
18,51500	-0,16441
18,52000	-0,18131
18,52500	-0,20298
18,53000	-0,22864
18,53500	-0,25764
18,54000	-0,28958
18,54500	-0,32404
18,55000	-0,36016
18,55500	-0,39628
18,56000	-0,43015
18,56500	-0,45974
18,57000	-0,48392
18,57500	-0,50247
18,58000	-0,51577
18,58500	-0,52453
18,59000	-0,52961
18,59500	-0,53204
18,60000	-0,53286
18,60500	-0,53292
18,61000	-0,53281
18,61500	-0,53276
18,62000	-0,53284
18,62500	-0,53300
18,63000	-0,53318
18,63500	-0,53335
18,64000	-0,53350
18,64500	-0,53362
18,65000	-0,53370
18,65500	-0,53376
18,66000	-0,53380
18,66500	-0,53382
18,67000	-0,53381
18,67500	-0,53379
18,68000	-0,53374
18,68500	-0,53367
18,69000	-0,53359
18,69500	-0,53348
18,70000	-0,53335
18,70500	-0,53320
18,71000	-0,53303
18,71500	-0,53284
18,72000	-0,53264
18,72500	-0,53241
18,73000	-0,53216
18,73500	-0,53190
18,74000	-0,53161
18,74500	-0,53131
18,75000	-0,53099
18,75500	-0,53065
18,76000	-0,53029
18,76500	-0,52991
18,77000	-0,52952
18,77500	-0,52910
18,78000	-0,52868
18,78500	-0,52823
18,79000	-0,52776
18,79500	-0,52728
18,80000	-0,52679
18,80500	-0,52627
18,81000	-0,52574
18,81500	-0,52520
18,82000	-0,52463
18,82500	-0,52405
18,83000	-0,52346
18,83500	-0,52285
18,84000	-0,52222
18,84500	-0,52158
18,85000	-0,52093
18,85500	-0,52025
18,86000	-0,51957
18,86500	-0,51887
18,87000	-0,51815
18,87500	-0,51742
18,88000	-0,51668
18,88500	-0,51592
18,89000	-0,51515
18,89500	-0,51436
18,90000	-0,51357
18,90500	-0,51275
18,91000	-0,51193
18,91500	-0,51109
18,92000	-0,51024
18,92500	-0,50937
18,93000	-0,50850
18,93500	-0,50761
18,94000	-0,50670
18,94500	-0,50579
18,95000	-0,50486
18,95500	-0,50392
18,96000	-0,50297
18,96500	-0,50201
18,97000	-0,50104
18,97500	-0,50005
18,98000	-0,49906
18,98500	-0,49805
18,99000	-0,49703
18,99500	-0,49600
19,00000	-0,49496
19,00500	-0,49391
19,01000	-0,49285
19,01500	-0,49178
19,02000	-0,49070
19,02500	-0,48961
19,03000	-0,48851
19,03500	-0,48740
19,04000	-0,48628
19,04500	-0,48515
19,05000	-0,48401
19,05500	-0,48286
19,06000	-0,48170
19,06500	-0,48054
19,07000	-0,47936
19,07500	-0,47818
19,08000	-0,47698
19,08500	-0,47578
19,09000	-0,47457
19,09500	-0,47336
19,10000	-0,47213
19,10500	-0,47090
19,11000	-0,46965
19,11500	-0,46841
19,12000	-0,46715
19,12500	-0,46588
19,13000	-0,46461
19,13500	-0,46333
19,14000	-0,46205
19,14500	-0,46075
19,15000	-0,45945
19,15500	-0,45814
19,16000	-0,45683
19,16500	-0,45551
19,17000	-0,45418
19,17500	-0,45285
19,18000	-0,45151
19,18500	-0,45016
19,19000	-0,44881
19,19500	-0,44745
19,20000	-0,44609
19,20500	-0,44472
19,21000	-0,44334
19,21500	-0,44196
19,22000	-0,44058
19,22500	-0,43919
19,23000	-0,43779
19,23500	-0,43639
19,24000	-0,43498
19,24500	-0,43357
19,25000	-0,43215
19,25500	-0,43073
19,26000	-0,42930
19,26500	-0,42787
19,27000	-0,42644
19,27500	-0,42500
19,28000	-0,42356
19,28500	-0,42211
19,29000	-0,42066
19,29500	-0,41920
19,30000	-0,41774
19,30500	-0,41628
19,31000	-0,41481
19,31500	-0,41334
19,32000	-0,41187
19,32500	-0,41039
19,33000	-0,40891
19,33500	-0,40743
19,34000	-0,40594
19,34500	-0,40445
19,35000	-0,40296
19,35500	-0,40146
19,36000	-0,39996
19,36500	-0,39846
19,37000	-0,39696
19,37500	-0,39545
19,38000	-0,39394
19,38500	-0,39243
19,39000	-0,39092
19,39500	-0,38940
19,40000	-0,38788
19,40500	-0,38636
19,41000	-0,38484
19,41500	-0,38332
19,42000	-0,38179
19,42500	-0,38027
19,43000	-0,37874
19,43500	-0,37721
19,44000	-0,37567
19,44500	-0,37414
19,45000	-0,37261
19,45500	-0,37107
19,46000	-0,36953
19,46500	-0,36799
19,47000	-0,36645
19,47500	-0,36491
19,48000	-0,36337
19,48500	-0,36183
19,49000	-0,36029
19,49500	-0,35874
19,50000	-0,35720
19,50500	-0,35565
19,51000	-0,35411
19,51500	-0,35256
19,52000	-0,35101
19,52500	-0,34947
19,53000	-0,34792
19,53500	-0,34637
19,54000	-0,34482
19,54500	-0,34328
19,55000	-0,34173
19,55500	-0,34018
19,56000	-0,33863
19,56500	-0,33709
19,57000	-0,33554
19,57500	-0,33399
19,58000	-0,33245
19,58500	-0,33090
19,59000	-0,32935
19,59500	-0,32781
19,60000	-0,32627
19,60500	-0,32472
19,61000	-0,32318
19,61500	-0,32164
19,62000	-0,32009
19,62500	-0,31855
19,63000	-0,31701
19,63500	-0,31548
19,64000	-0,31394
19,64500	-0,31240
19,65000	-0,31087
19,65500	-0,30933
19,66000	-0,30780
19,66500	-0,30627
19,67000	-0,30474
19,67500	-0,30321
19,68000	-0,30168
19,68500	-0,30015
19,69000	-0,29863
19,69500	-0,29710
19,70000	-0,29558
19,70500	-0,29406
19,71000	-0,29255
19,71500	-0,29103
19,72000	-0,28951
19,72500	-0,28800
19,73000	-0,28649
19,73500	-0,28498
19,74000	-0,28347
19,74500	-0,28197
19,75000	-0,28047
19,75500	-0,27897
19,76000	-0,27747
19,76500	-0,27597
19,77000	-0,27448
19,77500	-0,27299
19,78000	-0,27150
19,78500	-0,27001
19,79000	-0,26852
19,79500	-0,26704
19,80000	-0,26556
19,80500	-0,26408
19,81000	-0,26261
19,81500	-0,26114
19,82000	-0,25967
19,82500	-0,25820
19,83000	-0,25673
19,83500	-0,25527
19,84000	-0,25381
19,84500	-0,25236
19,85000	-0,25090
19,85500	-0,24945
19,86000	-0,24800
19,86500	-0,24656
19,87000	-0,24512
19,87500	-0,24368
19,88000	-0,24224
19,88500	-0,24081
19,89000	-0,23938
19,89500	-0,23795
19,90000	-0,23653
19,90500	-0,23511
19,91000	-0,23369
19,91500	-0,23228
19,92000	-0,23087
19,92500	-0,22946
19,93000	-0,22806
19,93500	-0,22665
19,94000	-0,22526
19,94500	-0,22386
19,95000	-0,22247
19,95500	-0,22108
19,96000	-0,21970
19,96500	-0,21832
19,97000	-0,21694
19,97500	-0,21557
19,98000	-0,21420
19,98500	-0,21283
19,99000	-0,21147
19,99500	-0,21011
20,00000	-0,20876