0,00000	0,00000
0,00500	1,94484
0,01000	3,88817
0,01500	3,88555
0,02000	3,88245
0,02500	3,87890
0,03000	3,87489
0,03500	3,87045
0,04000	3,86557
0,04500	3,86028
0,05000	3,85458
0,05500	3,84848
0,06000	3,84200
0,06500	3,83515
0,07000	3,82793
0,07500	3,82036
0,08000	3,81245
0,08500	3,80421
0,09000	3,79565
0,09500	3,78679
0,10000	3,77764
0,10500	3,76821
0,11000	3,75851
0,11500	3,74854
0,12000	3,73833
0,12500	3,72788
0,13000	3,71721
0,13500	3,70633
0,14000	3,69525
0,14500	3,68398
0,15000	3,67252
0,15500	3,66091
0,16000	3,64913
0,16500	3,63720
0,17000	3,62513
0,17500	3,61292
0,18000	3,60056
0,18500	3,58811
0,19000	3,57559
0,19500	3,56302
0,20000	3,55039
0,20500	3,53769
0,21000	3,52494
0,21500	3,51215
0,22000	3,49940
0,22500	3,48680
0,23000	3,47429
0,23500	3,46183
0,24000	3,44954
0,24500	3,43752
0,25000	3,42573
0,25500	3,41403
0,26000	3,40234
0,26500	3,39060
0,27000	3,37871
0,27500	3,36651
0,28000	3,35398
0,28500	3,34138
0,29000	3,32905
0,29500	3,31711
0,30000	3,30546
0,30500	3,29396
0,31000	3,28259
0,31500	3,27141
0,32000	3,26048
0,32500	3,24978
0,33000	3,23914
0,33500	3,22803
0,34000	3,21568
0,34500	3,20175
0,35000	3,18725
0,35500	3,17462
0,36000	3,16590
0,36500	3,16011
0,37000	3,15378
0,37500	3,14489
0,38000	3,13365
0,38500	3,12046
0,39000	3,10644
0,39500	3,09425
0,40000	3,08595
0,40500	3,08070
0,41000	3,07572
0,41500	3,06895
0,42000	3,06081
0,42500	3,05329
0,43000	3,04817
0,43500	3,04593
0,44000	3,04400
0,44500	3,03753
0,45000	3,02541
0,45500	3,01289
0,46000	3,00438
0,46500	2,99850
0,47000	2,99159
0,47500	2,97985
0,48000	2,95929
0,48500	2,92838
0,49000	2,88903
0,49500	2,84317
0,50000	2,79126
0,50500	2,73505
0,51000	2,67957
0,51500	2,63069
0,52000	2,58935
0,52500	2,55096
0,53000	2,51159
0,53500	2,47074
0,54000	2,42866
0,54500	2,38496
0,55000	2,33892
0,55500	2,29003
0,56000	2,23921
0,56500	2,19045
0,57000	2,15123
0,57500	2,12703
0,58000	2,11279
0,58500	2,09864
0,59000	2,08601
0,59500	2,08006
0,60000	2,07047
0,60500	2,04288
0,61000	1,99999
0,61500	1,95624
0,62000	1,92595
0,62500	1,91957
0,63000	1,93495
0,63500	1,95588
0,64000	1,96956
0,64500	1,96428
0,65000	1,90777
0,65500	1,78064
0,66000	1,62828
0,66500	1,51300
0,67000	1,43777
0,67500	1,37004
0,68000	1,29748
0,68500	1,23199
0,69000	1,19411
0,69500	1,19774
0,70000	1,22970
0,70500	1,26180
0,71000	1,29453
0,71500	1,34609
0,72000	1,39827
0,72500	1,41398
0,73000	1,39258
0,73500	1,35862
0,74000	1,32446
0,74500	1,28955
0,75000	1,25281
0,75500	1,21491
0,76000	1,17642
0,76500	1,13624
0,77000	1,09070
0,77500	1,03473
0,78000	0,96857
0,78500	0,91184
0,79000	0,91828
0,79500	1,06331
0,80000	1,36320
0,80500	1,68732
0,81000	1,83997
0,81500	1,74849
0,82000	1,48284
0,82500	1,12872
0,83000	0,72332
0,83500	0,27732
0,84000	-0,18507
0,84500	-0,60581
0,85000	-0,92158
0,85500	-1,12566
0,86000	-1,27224
0,86500	-1,40883
0,87000	-1,54521
0,87500	-1,68020
0,88000	-1,81993
0,88500	-1,97507
0,89000	-2,14948
0,89500	-2,31798
0,90000	-2,40001
0,90500	-2,26796
0,91000	-1,86904
0,91500	-1,39460
0,92000	-1,17730
0,92500	-1,33898
0,93000	-1,70488
0,93500	-2,06854
0,94000	-2,40092
0,94500	-2,79480
0,95000	-3,29293
0,95500	-3,90680
0,96000	-4,70473
0,96500	-5,62617
0,97000	-6,39938
0,97500	-6,88398
0,98000	-7,20466
0,98500	-7,42980
0,99000	-7,40894
0,99500	-6,98358
1,00000	-6,22730
1,00500	-5,34252
1,01000	-4,31669
1,01500	-2,92783
1,02000	-1,09623
1,02500	0,98479
1,03000	3,06069
1,03500	5,05827
1,04000	7,03634
1,04500	8,91318
1,05000	10,38821
1,05500	11,25017
1,06000	11,75274
1,06500	12,36606
1,07000	13,07017
1,07500	13,34074
1,08000	12,81087
1,08500	11,58810
1,09000	10,02137
1,09500	8,35255
1,10000	6,58776
1,10500	4,56702
1,11000	2,05824
1,11500	-1,02475
1,12000	-4,34818
1,12500	-7,39098
1,13000	-10,02221
1,13500	-12,45708
1,14000	-14,75979
1,14500	-16,81660
1,15000	-18,74475
1,15500	-20,99709
1,16000	-23,70306
1,16500	-26,25714
1,17000	-28,29045
1,17500	-30,36973
1,18000	-33,03122
1,18500	-36,05764
1,19000	-38,95493
1,19500	-41,29835
1,20000	-42,81692
1,20500	-43,63852
1,21000	-43,92026
1,21500	-43,17366
1,22000	-40,86556
1,22500	-37,38625
1,23000	-33,47150
1,23500	-29,34244
1,24000	-25,04169
1,24500	-20,77930
1,25000	-16,69406
1,25500	-12,92268
1,26000	-9,88700
1,26500	-8,12916
1,27000	-7,84921
1,27500	-8,66987
1,28000	-9,93719
1,28500	-11,17998
1,29000	-12,07905
1,29500	-12,28258
1,30000	-11,62058
1,30500	-10,37685
1,31000	-9,07284
1,31500	-7,81009
1,32000	-6,11484
1,32500	-3,73553
1,33000	-1,08428
1,33500	1,31602
1,34000	3,28299
1,34500	4,84599
1,35000	5,98142
1,35500	6,61622
1,36000	6,94373
1,36500	7,52618
1,37000	8,90399
1,37500	11,11890
1,38000	13,61337
1,38500	15,63068
1,39000	16,82188
1,39500	17,55420
1,40000	20,48687
1,40500	23,67176
1,41000	24,06616
1,41500	22,24839
1,42000	18,08791
1,42500	12,80131
1,43000	7,30256
1,43500	1,59213
1,44000	-4,50811
1,44500	-10,87608
1,45000	-17,25737
1,45500	-23,60335
1,46000	-29,89931
1,46500	-35,74271
1,47000	-40,55474
1,47500	-44,00737
1,48000	-45,97468
1,48500	-46,56014
1,49000	-46,38246
1,49500	-46,23430
1,50000	-46,31802
1,50500	-46,21228
1,51000	-45,38360
1,51500	-43,46452
1,52000	-40,31072
1,52500	-35,99387
1,53000	-30,66474
1,53500	-24,41003
1,54000	-17,37864
1,54500	-10,04432
1,55000	-3,18567
1,55500	2,59403
1,56000	7,24153
1,56500	10,79220
1,57000	12,91617
1,57500	13,40081
1,58000	12,45725
1,58500	10,32058
1,59000	7,18174
1,59500	3,39354
1,60000	-0,74484
1,60500	-5,26481
1,61000	-10,32154
1,61500	-15,67970
1,62000	-20,62348
1,62500	-24,71679
1,63000	-28,37233
1,63500	-32,27696
1,64000	-36,81196
1,64500	-42,22833
1,65000	-48,58183
1,65500	-55,27939
1,66000	-61,13765
1,66500	-65,13816
1,67000	-67,17662
1,67500	-67,84228
1,68000	-67,52600
1,68500	-66,21008
1,69000	-63,98162
1,69500	-61,33752
1,70000	-58,72444
1,70500	-55,77135
1,71000	-51,58978
1,71500	-45,81973
1,72000	-38,68959
1,72500	-30,49875
1,73000	-21,73465
1,73500	-13,10799
1,74000	-5,01539
1,74500	2,62285
1,75000	9,90901
1,75500	16,54284
1,76000	21,83816
1,76500	25,18103
1,77000	26,44767
1,77500	26,09777
1,78000	25,00544
1,78500	23,84974
1,79000	22,39781
1,79500	19,78917
1,80000	15,70420
1,80500	10,67010
1,81000	5,28523
1,81500	-0,19667
1,82000	-5,72857
1,82500	-11,33918
1,83000	-17,06017
1,83500	-22,85376
1,84000	-28,50839
1,84500	-33,55158
1,85000	-37,29661
1,85500	-39,12260
1,86000	-38,88785
1,86500	-36,96893
1,87000	-33,94562
1,87500	-30,52206
1,88000	-27,50314
1,88500	-25,46720
1,89000	-24,36850
1,89500	-23,37495
1,90000	-21,27773
1,90500	-17,45044
1,91000	-12,56799
1,91500	-8,14578
1,92000	-5,22641
1,92500	-3,95831
1,93000	-4,17781
1,93500	-5,36844
1,94000	-6,35145
1,94500	-5,88245
1,95000	-3,45789
1,95500	0,54628
1,96000	5,31265
1,96500	10,16899
1,97000	14,82246
1,97500	19,13142
1,98000	22,71672
1,98500	24,90326
1,99000	25,16978
1,99500	23,53583
2,00000	20,51270
2,00500	16,83501
2,01000	13,17691
2,01500	9,92409
2,02000	6,93994
2,02500	3,59848
2,03000	-0,48529
2,03500	-4,94673
2,04000	-9,38751
2,04500	-14,11313
2,05000	-19,69286
2,05500	-26,08622
2,06000	-32,51968
2,06500	-38,32945
2,07000	-43,37894
2,07500	-47,24537
2,08000	-49,00415
2,08500	-48,34435
2,09000	-46,01341
2,09500	-42,93774
2,10000	-39,37525
2,10500	-35,04905
2,11000	-29,98185
2,11500	-24,73439
2,12000	-19,74316
2,12500	-14,91418
2,13000	-9,90417
2,13500	-4,61017
2,14000	0,68918
2,14500	5,69543
2,15000	10,47854
2,15500	15,47390
2,16000	21,09875
2,16500	27,35457
2,17000	33,78705
2,17500	39,79323
2,18000	44,95630
2,18500	49,07103
2,19000	52,07336
2,19500	54,19386
2,20000	55,91537
2,20500	57,54348
2,21000	58,94513
2,21500	59,66583
2,22000	59,20222
2,22500	57,40966
2,23000	54,82155
2,23500	52,15818
2,24000	49,44917
2,24500	46,32787
2,25000	42,94691
2,25500	39,81339
2,26000	37,19569
2,26500	35,16534
2,27000	33,64034
2,27500	32,28141
2,28000	30,92952
2,28500	29,86446
2,29000	29,00369
2,29500	27,39506
2,30000	24,06131
2,30500	18,98845
2,31000	13,08112
2,31500	7,26119
2,32000	1,82517
2,32500	-3,33542
2,33000	-8,45673
2,33500	-13,88398
2,34000	-19,68917
2,34500	-25,15084
2,35000	-28,83547
2,35500	-29,36602
2,36000	-26,29348
2,36500	-20,23995
2,37000	-12,42160
2,37500	-4,31686
2,38000	2,77829
2,38500	8,34980
2,39000	12,44248
2,39500	15,06239
2,40000	16,30170
2,40500	16,38227
2,41000	15,13803
2,41500	12,08110
2,42000	7,02559
2,42500	0,16948
2,43000	-8,20735
2,43500	-17,76151
2,44000	-28,10603
2,44500	-38,87904
2,45000	-49,34546
2,45500	-58,16178
2,46000	-64,00764
2,46500	-66,26825
2,47000	-65,18533
2,47500	-61,62923
2,48000	-56,44930
2,48500	-49,86758
2,49000	-41,74592
2,49500	-32,41993
2,50000	-22,77912
2,50500	-13,54641
2,51000	-4,98417
2,51500	2,84928
2,52000	9,89096
2,52500	15,94507
2,53000	20,62457
2,53500	23,48385
2,54000	24,27925
2,54500	23,16837
2,55000	20,51999
2,55500	16,60807
2,56000	11,88699
2,56500	7,30391
2,57000	3,91974
2,57500	2,37751
2,58000	2,76772
2,58500	4,91295
2,59000	8,75303
2,59500	14,37240
2,60000	21,79778
2,60500	30,82102
2,61000	40,88593
2,61500	51,26797
2,62000	61,49616
2,62500	71,48249
2,63000	81,18626
2,63500	90,34435
2,64000	98,49453
2,64500	104,97857
2,65000	109,15313
2,65500	110,96332
2,66000	110,94124
2,66500	109,45799
2,67000	106,34507
2,67500	101,27814
2,68000	94,48617
2,68500	87,04798
2,69000	80,41792
2,69500	75,69733
2,70000	73,13348
2,70500	72,11517
2,71000	71,74056
2,71500	71,44093
2,72000	71,11942
2,72500	70,99668
2,73000	71,55955
2,73500	73,38888
2,74000	76,68609
2,74500	81,04180
2,75000	85,77097
2,75500	90,43099
2,76000	94,99529
2,76500	99,45416
2,77000	103,32311
2,77500	105,71767
2,78000	105,99825
2,78500	104,47062
2,79000	102,48759
2,79500	101,48801
2,80000	101,64337
2,80500	101,71553
2,81000	100,28655
2,81500	96,90923
2,82000	92,16283
2,82500	86,86778
2,83000	81,47266
2,83500	76,00109
2,84000	70,18353
2,84500	63,61824
2,85000	56,00062
2,85500	47,30085
2,86000	37,70373
2,86500	27,30317
2,87000	16,01269
2,87500	3,97941
2,88000	-8,30255
2,88500	-20,58842
2,89000	-33,27342
2,89500	-46,90105
2,90000	-61,21191
2,90500	-75,01887
2,91000	-87,14220
2,91500	-96,81157
2,92000	-103,18243
2,92500	-105,16062
2,93000	-102,07546
2,93500	-94,65426
2,94000	-84,64043
2,94500	-73,24625
2,95000	-60,81164
2,95500	-47,55133
2,96000	-33,90075
2,96500	-20,38659
2,97000	-7,46420
2,97500	4,31999
2,98000	14,36264
2,98500	22,66327
2,99000	29,89146
2,99500	36,55273
3,00000	42,76333
3,00500	48,72460
3,01000	54,79005
3,01500	61,13013
3,02000	67,59483
3,02500	74,00954
3,03000	80,45519
3,03500	86,98683
3,04000	93,36115
3,04500	99,32088
3,05000	104,73512
3,05500	109,40185
3,06000	113,16118
3,06500	116,03574
3,07000	117,98169
3,07500	118,94157
3,08000	119,38234
3,08500	120,33994
3,09000	122,65488
3,09500	126,22041
3,10000	130,04904
3,10500	133,04086
3,11000	134,64008
3,11500	135,09851
3,12000	135,43530
3,12500	136,73830
3,13000	139,14063
3,13500	141,83945
3,14000	144,06769
3,14500	145,51321
3,15000	146,10095
3,15500	145,91646
3,16000	145,25871
3,16500	144,56874
3,17000	144,20558
3,17500	144,31241
3,18000	144,94925
3,18500	146,10072
3,19000	147,57504
3,19500	149,44374
3,20000	152,25990
3,20500	156,10454
3,21000	160,19928
3,21500	163,96431
3,22000	167,28268
3,22500	169,75360
3,23000	170,82361
3,23500	170,21468
3,24000	167,58481
3,24500	162,37526
3,25000	154,24684
3,25500	143,21057
3,26000	129,48984
3,26500	113,69065
3,27000	96,61903
3,27500	78,69148
3,28000	60,13895
3,28500	41,53925
3,29000	23,54756
3,29500	6,42420
3,30000	-9,99041
3,30500	-26,16669
3,31000	-42,71349
3,31500	-60,03572
3,32000	-78,26384
3,32500	-97,58793
3,33000	-118,15237
3,33500	-139,47870
3,34000	-160,63004
3,34500	-180,95609
3,35000	-200,19267
3,35500	-218,21428
3,36000	-235,15398
3,36500	-251,37697
3,37000	-267,03192
3,37500	-281,75171
3,38000	-294,91052
3,38500	-306,13483
3,39000	-315,04096
3,39500	-320,41287
3,40000	-320,56299
3,40500	-314,86588
3,41000	-304,59412
3,41500	-291,96542
3,42000	-278,33850
3,42500	-263,54514
3,43000	-246,68747
3,43500	-227,01189
3,44000	-204,14630
3,44500	-177,92238
3,45000	-148,18398
3,45500	-114,98878
3,46000	-79,01891
3,46500	-41,75458
3,47000	-5,35583
3,47500	27,92819
3,48000	56,59786
3,48500	80,13928
3,49000	98,68990
3,49500	112,58170
3,50000	121,85574
3,50500	126,12589
3,51000	125,08495
3,51500	119,25652
3,52000	109,69128
3,52500	96,84042
3,53000	80,60033
3,53500	61,06280
3,54000	38,55302
3,54500	13,55844
3,55000	-13,03334
3,55500	-40,22169
3,56000	-67,46896
3,56500	-94,32223
3,57000	-119,90093
3,57500	-143,44730
3,58000	-164,80563
3,58500	-184,08061
3,59000	-201,20166
3,59500	-215,89977
3,60000	-228,07472
3,60500	-237,94659
3,61000	-245,76955
3,61500	-251,71954
3,62000	-255,99344
3,62500	-258,67822
3,63000	-259,66867
3,63500	-259,03317
3,64000	-257,14352
3,64500	-254,20386
3,65000	-250,00458
3,65500	-244,26212
3,66000	-237,10175
3,66500	-229,03905
3,67000	-220,41997
3,67500	-211,19783
3,68000	-201,28380
3,68500	-190,73021
3,69000	-179,50377
3,69500	-167,17490
3,70000	-152,74480
3,70500	-134,85803
3,71000	-112,50736
3,71500	-85,74764
3,72000	-55,63172
3,72500	-23,39462
3,73000	10,11774
3,73500	44,27521
3,74000	78,21449
3,74500	110,74992
3,75000	140,70209
3,75500	167,14983
3,76000	189,60849
3,76500	208,31363
3,77000	223,88734
3,77500	236,54822
3,78000	246,13057
3,78500	252,63940
3,79000	256,39212
3,79500	257,69962
3,80000	256,58112
3,80500	252,99329
3,81000	247,17836
3,81500	239,46008
3,82000	229,80646
3,82500	217,88471
3,83000	203,54408
3,83500	187,12766
3,84000	169,18655
3,84500	150,02875
3,85000	129,90044
3,85500	109,26289
3,86000	88,51070
3,86500	67,72099
3,87000	46,73206
3,87500	25,26964
3,88000	3,18674
3,88500	-19,08538
3,89000	-40,28993
3,89500	-58,87471
3,90000	-74,25327
3,90500	-87,35294
3,91000	-99,20201
3,91500	-109,57156
3,92000	-117,75918
3,92500	-123,66025
3,93000	-127,57762
3,93500	-129,73929
3,94000	-130,11530
3,94500	-128,51703
3,95000	-124,94901
3,95500	-119,92972
3,96000	-114,32348
3,96500	-108,87825
3,97000	-104,22374
3,97500	-100,89520
3,98000	-98,82087
3,98500	-97,22979
3,99000	-95,29559
3,99500	-92,50039
4,00000	-88,58466
4,00500	-83,58023
4,01000	-77,75613
4,01500	-71,29645
4,02000	-63,92989
4,02500	-54,93307
4,03000	-43,73978
4,03500	-30,44299
4,04000	-15,47195
4,04500	0,96197
4,05000	18,78506
4,05500	37,48465
4,06000	56,01883
4,06500	73,71365
4,07000	90,92973
4,07500	108,40734
4,08000	126,29948
4,08500	144,16661
4,09000	161,83308
4,09500	179,68773
4,10000	197,53160
4,10500	213,96025
4,11000	227,53175
4,11500	237,39056
4,12000	242,66669
4,12500	242,49078
4,13000	236,70474
4,13500	226,21312
4,14000	212,34297
4,14500	195,84932
4,15000	177,06372
4,15500	156,62213
4,16000	135,37561
4,16500	114,10088
4,17000	93,72396
4,17500	75,07683
4,18000	58,05404
4,18500	41,73372
4,19000	25,47226
4,19500	9,46323
4,20000	-5,68101
4,20500	-19,66181
4,21000	-32,62888
4,21500	-44,75116
4,22000	-56,09337
4,22500	-66,83347
4,23000	-77,33665
4,23500	-87,90901
4,24000	-98,49135
4,24500	-108,83466
4,25000	-118,87340
4,25500	-128,58347
4,26000	-137,66867
4,26500	-145,63705
4,27000	-152,00058
4,27500	-156,39319
4,28000	-158,70250
4,28500	-159,11264
4,29000	-158,02097
4,29500	-155,93604
4,30000	-153,45279
4,30500	-151,24905
4,31000	-149,86429
4,31500	-149,32074
4,32000	-149,04411
4,32500	-148,25426
4,33000	-146,44498
4,33500	-143,56247
4,34000	-139,75613
4,34500	-135,00009
4,35000	-129,07315
4,35500	-121,88499
4,36000	-113,78828
4,36500	-105,51382
4,37000	-97,80822
4,37500	-91,26791
4,38000	-86,22798
4,38500	-82,52174
4,39000	-79,77272
4,39500	-78,03558
4,40000	-77,64148
4,40500	-78,48495
4,41000	-79,86834
4,41500	-81,16433
4,42000	-82,52064
4,42500	-84,45894
4,43000	-86,86800
4,43500	-89,03455
4,44000	-90,54815
4,44500	-91,75744
4,45000	-93,26133
4,45500	-95,18131
4,46000	-97,41686
4,46500	-100,27103
4,47000	-104,12194
4,47500	-108,88613
4,48000	-114,22575
4,48500	-119,97238
4,49000	-126,19887
4,49500	-132,93895
4,50000	-139,93478
4,50500	-146,70302
4,51000	-152,71501
4,51500	-157,51723
4,52000	-160,82362
4,52500	-162,60492
4,53000	-163,14716
4,53500	-162,95120
4,54000	-162,44000
4,54500	-161,56957
4,55000	-159,75192
4,55500	-156,49524
4,56000	-151,98894
4,56500	-146,78258
4,57000	-141,18468
4,57500	-135,16759
4,58000	-128,67589
4,58500	-121,85771
4,59000	-114,95062
4,59500	-108,06882
4,60000	-101,16669
4,60500	-94,07481
4,61000	-86,54156
4,61500	-78,36127
4,62000	-69,49856
4,62500	-60,04482
4,63000	-50,01498
4,63500	-39,27428
4,64000	-27,85354
4,64500	-16,17319
4,65000	-4,64855
4,65500	6,67715
4,66000	17,85710
4,66500	28,70593
4,67000	38,95035
4,67500	48,58532
4,68000	57,79936
4,68500	66,42226
4,69000	73,93510
4,69500	80,17259
4,70000	85,27553
4,70500	89,09799
4,71000	91,49545
4,71500	92,77790
4,72000	93,25263
4,72500	92,58765
4,73000	89,94717
4,73500	84,88738
4,74000	77,86565
4,74500	69,57750
4,75000	60,22561
4,75500	49,74090
4,76000	38,34236
4,76500	26,59830
4,77000	14,99215
4,77500	3,66730
4,78000	-7,27479
4,78500	-17,49980
4,79000	-26,58767
4,79500	-34,20885
4,80000	-40,10664
4,80500	-44,06719
4,81000	-46,05215
4,81500	-46,43577
4,82000	-45,86373
4,82500	-44,71453
4,83000	-42,89439
4,83500	-40,19997
4,84000	-36,80125
4,84500	-33,19739
4,85000	-29,79541
4,85500	-27,04677
4,86000	-25,61283
4,86500	-25,61038
4,87000	-26,22163
4,87500	-26,47774
4,88000	-25,65165
4,88500	-23,01426
4,89000	-18,23953
4,89500	-11,75179
4,90000	-3,99926
4,90500	4,96901
4,91000	14,91981
4,91500	25,44605
4,92000	36,59209
4,92500	48,50827
4,93000	60,75156
4,93500	72,51835
4,94000	83,26617
4,94500	92,95009
4,95000	101,77194
4,95500	109,76040
4,96000	116,65212
4,96500	122,08256
4,97000	125,84397
4,97500	127,98142
4,98000	128,74298
4,98500	128,57608
4,99000	127,90288
4,99500	126,72086
5,00000	124,88941
5,00500	122,98966
5,01000	122,35017
5,01500	123,94396
5,02000	127,43252
5,02500	131,50389
5,03000	135,21632
5,03500	138,73647
5,04000	142,83066
5,04500	147,99780
5,05000	153,98489
5,05500	159,93070
5,06000	165,01968
5,06500	169,10823
5,07000	172,69225
5,07500	176,28983
5,08000	179,95427
5,08500	183,32130
5,09000	186,05454
5,09500	188,13019
5,10000	189,66583
5,10500	190,64682
5,11000	190,95969
5,11500	190,71983
5,12000	190,19659
5,12500	189,20343
5,13000	187,10640
5,13500	183,59915
5,14000	179,00037
5,14500	173,79150
5,15000	168,11400
5,15500	161,67947
5,16000	154,06639
5,16500	145,01009
5,17000	134,47282
5,17500	122,58542
5,18000	109,47039
5,18500	95,09343
5,19000	79,38099
5,19500	62,49255
5,20000	44,86719
5,20500	26,98969
5,21000	9,19821
5,21500	-8,41468
5,22000	-25,99932
5,22500	-43,56057
5,23000	-60,53351
5,23500	-76,05350
5,24000	-89,59545
5,24500	-101,17683
5,25000	-111,03561
5,25500	-119,21478
5,26000	-125,38500
5,26500	-128,97243
5,27000	-129,52231
5,27500	-127,01225
5,28000	-121,88867
5,28500	-114,73294
5,29000	-105,82789
5,29500	-95,20125
5,30000	-82,99162
5,30500	-69,66898
5,31000	-55,95468
5,31500	-42,52926
5,32000	-29,86333
5,32500	-18,18054
5,33000	-7,43531
5,33500	2,45911
5,34000	11,25105
5,34500	18,49667
5,35000	24,16440
5,35500	28,66007
5,36000	32,32960
5,36500	35,41676
5,37000	38,30830
5,37500	41,51439
5,38000	45,51948
5,38500	50,61432
5,39000	56,74315
5,39500	63,58390
5,40000	70,82471
5,40500	78,20628
5,41000	85,35795
5,41500	92,05279
5,42000	98,58318
5,42500	105,36790
5,43000	112,33949
5,43500	119,02165
5,44000	124,90769
5,44500	129,66007
5,45000	133,19714
5,45500	135,65894
5,46000	137,22734
5,46500	137,98010
5,47000	137,93031
5,47500	137,08308
5,48000	135,37502
5,48500	132,63788
5,49000	128,69255
5,49500	123,50510
5,50000	117,12707
5,50500	109,46932
5,51000	100,35475
5,51500	89,79903
5,52000	78,09821
5,52500	65,56809
5,53000	52,26200
5,53500	38,18252
5,54000	23,68961
5,54500	9,29891
5,55000	-4,77160
5,55500	-18,46072
5,56000	-31,57307
5,56500	-43,93018
5,57000	-55,53564
5,57500	-66,49342
5,58000	-76,89519
5,58500	-86,64739
5,59000	-95,32449
5,59500	-102,50211
5,60000	-108,36910
5,60500	-113,62730
5,61000	-118,63939
5,61500	-122,91073
5,62000	-125,61671
5,62500	-126,61629
5,63000	-126,34796
5,63500	-124,84538
5,64000	-121,82911
5,64500	-117,41016
5,65000	-111,93814
5,65500	-105,56893
5,66000	-98,33730
5,66500	-90,40513
5,67000	-82,12592
5,67500	-73,99055
5,68000	-66,51345
5,68500	-60,06591
5,69000	-54,72945
5,69500	-50,26786
5,70000	-46,33493
5,70500	-42,65155
5,71000	-38,82224
5,71500	-34,39071
5,72000	-29,39637
5,72500	-24,34438
5,73000	-19,38371
5,73500	-13,85394
5,74000	-6,82548
5,74500	1,90313
5,75000	11,70055
5,75500	21,95337
5,76000	32,28292
5,76500	42,15363
5,77000	51,01114
5,77500	58,55993
5,78000	64,63901
5,78500	69,24114
5,79000	72,73194
5,79500	75,55293
5,80000	77,68845
5,80500	78,79732
5,81000	78,76257
5,81500	77,92493
5,82000	76,76547
5,82500	75,37405
5,83000	73,37587
5,83500	70,42527
5,84000	66,76354
5,84500	63,21387
5,85000	60,50475
5,85500	58,62926
5,86000	57,00060
5,86500	55,37151
5,87000	54,17670
5,87500	53,68481
5,88000	53,60005
5,88500	53,68246
5,89000	54,01485
5,89500	54,61193
5,90000	55,10469
5,90500	54,96846
5,91000	54,02942
5,91500	52,35490
5,92000	49,76841
5,92500	46,02348
5,93000	41,24970
5,93500	35,91365
5,94000	30,55493
5,94500	25,61673
5,95000	21,33575
5,95500	17,63837
5,96000	14,12977
5,96500	10,37647
5,97000	6,32840
5,97500	2,33480
5,98000	-1,26468
5,98500	-4,42428
5,99000	-7,33716
5,99500	-10,20872
6,00000	-13,09496
6,00500	-15,90672
6,01000	-18,46398
6,01500	-20,59620
6,02000	-22,33461
6,02500	-23,96240
6,03000	-25,77492
6,03500	-27,80471
6,04000	-29,83782
6,04500	-31,79376
6,05000	-33,98611
6,05500	-36,81166
6,06000	-40,35001
6,06500	-44,37844
6,07000	-48,60198
6,07500	-52,79275
6,08000	-56,72472
6,08500	-60,12431
6,09000	-62,83564
6,09500	-64,94063
6,10000	-66,64800
6,10500	-68,06295
6,11000	-69,03487
6,11500	-69,22935
6,12000	-68,25884
6,12500	-65,78283
6,13000	-61,78796
6,13500	-56,84044
6,14000	-51,76587
6,14500	-46,97209
6,15000	-42,20790
6,15500	-36,95560
6,16000	-31,00200
6,16500	-24,65130
6,17000	-18,47163
6,17500	-12,90380
6,18000	-8,01530
6,18500	-3,51799
6,19000	0,97938
6,19500	5,65122
6,20000	10,29691
6,20500	14,59149
6,21000	18,61107
6,21500	22,75690
6,22000	27,04257
6,22500	31,21991
6,23000	35,54028
6,23500	40,40962
6,24000	45,57984
6,24500	50,42667
6,25000	54,75182
6,25500	58,95072
6,26000	63,30862
6,26500	67,38810
6,27000	70,56358
6,27500	72,80229
6,28000	74,52375
6,28500	76,06759
6,29000	77,45599
6,29500	78,47520
6,30000	78,97710
6,30500	79,09755
6,31000	78,79565
6,31500	77,18994
6,32000	73,28600
6,32500	67,27422
6,33000	59,98968
6,33500	51,65683
6,34000	42,15632
6,34500	31,71676
6,35000	20,77299
6,35500	9,66343
6,36000	-1,41064
6,36500	-12,32005
6,37000	-23,00890
6,37500	-33,53509
6,38000	-43,79025
6,38500	-53,22627
6,39000	-61,32517
6,39500	-68,14119
6,40000	-73,94272
6,40500	-78,61307
6,41000	-81,70120
6,41500	-82,89851
6,42000	-82,36656
6,42500	-80,60204
6,43000	-77,93279
6,43500	-74,19661
6,44000	-69,08442
6,44500	-62,69078
6,45000	-55,31755
6,45500	-46,99760
6,46000	-37,82327
6,46500	-28,38604
6,47000	-19,46199
6,47500	-11,52868
6,48000	-4,67560
6,48500	1,09658
6,49000	5,56514
6,49500	8,35210
6,50000	9,10343
6,50500	7,64834
6,51000	4,32905
6,51500	0,00219
6,52000	-4,66361
6,52500	-9,62715
6,53000	-14,95565
6,53500	-20,36960
6,54000	-25,51268
6,54500	-30,24374
6,55000	-34,53552
6,55500	-38,22104
6,56000	-41,01993
6,56500	-42,84593
6,57000	-43,72234
6,57500	-43,52042
6,58000	-42,32694
6,58500	-40,64294
6,59000	-38,68067
6,59500	-36,03434
6,60000	-32,38615
6,60500	-28,12490
6,61000	-24,11701
6,61500	-20,97479
6,62000	-18,66912
6,62500	-16,88851
6,63000	-15,60220
6,63500	-15,21064
6,64000	-16,20725
6,64500	-18,76421
6,65000	-22,65630
6,65500	-27,46019
6,66000	-32,75491
6,66500	-38,22997
6,67000	-43,73832
6,67500	-49,25729
6,68000	-54,81139
6,68500	-60,47051
6,69000	-66,34831
6,69500	-72,47462
6,70000	-78,58275
6,70500	-84,17942
6,71000	-89,02987
6,71500	-93,33185
6,72000	-97,27567
6,72500	-100,79536
6,73000	-103,70917
6,73500	-105,71761
6,74000	-106,54282
6,74500	-106,45899
6,75000	-106,18979
6,75500	-106,01064
6,76000	-105,52643
6,76500	-104,40563
6,77000	-102,94675
6,77500	-101,75940
6,78000	-100,93512
6,78500	-100,00359
6,79000	-98,72378
6,79500	-97,30353
6,80000	-95,99801
6,80500	-94,95248
6,81000	-94,18556
6,81500	-93,52544
6,82000	-92,83720
6,82500	-92,28210
6,83000	-92,00868
6,83500	-91,74383
6,84000	-90,98904
6,84500	-89,52653
6,85000	-87,57880
6,85500	-85,36120
6,86000	-82,73413
6,86500	-79,61508
6,87000	-76,15866
6,87500	-72,21580
6,88000	-67,38001
6,88500	-61,70898
6,89000	-55,76997
6,89500	-49,87867
6,90000	-43,63176
6,90500	-36,64188
6,91000	-29,51527
6,91500	-23,10849
6,92000	-17,35027
6,92500	-11,95035
6,93000	-7,11663
6,93500	-2,71095
6,94000	1,84105
6,94500	6,50696
6,95000	10,73466
6,95500	14,38095
6,96000	17,85963
6,96500	21,59654
6,97000	25,58010
6,97500	29,46359
6,98000	33,04578
6,98500	36,53328
6,99000	40,27943
6,99500	44,27205
7,00000	48,04988
7,00500	51,19142
7,01000	53,73738
7,01500	55,98819
7,02000	57,88104
7,02500	58,94116
7,03000	58,93255
7,03500	58,00794
7,04000	56,21890
7,04500	53,30399
7,05000	48,90101
7,05500	42,85974
7,06000	35,37532
7,06500	26,88053
7,07000	17,88826
7,07500	8,72447
7,08000	-0,70206
7,08500	-10,54282
7,09000	-20,42828
7,09500	-29,76535
7,10000	-38,45395
7,10500	-46,71669
7,11000	-54,57829
7,11500	-61,90767
7,12000	-68,48991
7,12500	-73,97688
7,13000	-78,23686
7,13500	-81,52557
7,14000	-83,90682
7,14500	-84,89520
7,15000	-83,93890
7,15500	-80,88733
7,16000	-75,95258
7,16500	-69,50854
7,17000	-61,91586
7,17500	-53,48181
7,18000	-44,55450
7,18500	-35,48684
7,19000	-26,40959
7,19500	-17,21656
7,20000	-7,97638
7,20500	0,89926
7,21000	9,05630
7,21500	16,41462
7,22000	22,97874
7,22500	28,72550
7,23000	33,64378
7,23500	37,79631
7,24000	41,32601
7,24500	44,33632
7,25000	46,72880
7,25500	48,26897
7,26000	48,93729
7,26500	48,96805
7,27000	48,44537
7,27500	47,26352
7,28000	45,53892
7,28500	43,75396
7,29000	42,31124
7,29500	40,99818
7,30000	39,32601
7,30500	37,35098
7,31000	35,51336
7,31500	33,93541
7,32000	32,48441
7,32500	31,18160
7,33000	30,19797
7,33500	29,62480
7,34000	29,41883
7,34500	29,60956
7,35000	30,41666
7,35500	32,05127
7,36000	34,55980
7,36500	37,85704
7,37000	41,70503
7,37500	45,71213
7,38000	49,48894
7,38500	52,83071
7,39000	55,76947
7,39500	58,41761
7,40000	60,82838
7,40500	63,05131
7,41000	64,97215
7,41500	66,03509
7,42000	65,68343
7,42500	64,10055
7,43000	62,05607
7,43500	60,10945
7,44000	58,20213
7,44500	55,95181
7,45000	53,10701
7,45500	49,55607
7,46000	45,32126
7,46500	40,92482
7,47000	37,22973
7,47500	34,65575
7,48000	33,04152
7,48500	32,11839
7,49000	31,64182
7,49500	31,37105
7,50000	31,26917
7,50500	31,60722
7,51000	32,74494
7,51500	34,78706
7,52000	37,60343
7,52500	41,19851
7,53000	45,69614
7,53500	50,99243
7,54000	56,86115
7,54500	63,23566
7,55000	70,01234
7,55500	76,84829
7,56000	83,39229
7,56500	89,52375
7,57000	95,28643
7,57500	100,64843
7,58000	105,43671
7,58500	109,56045
7,59000	113,09830
7,59500	116,03909
7,60000	118,03836
7,60500	118,68005
7,61000	118,08409
7,61500	116,77885
7,62000	114,89008
7,62500	112,02206
7,63000	107,83843
7,63500	102,42436
7,64000	96,17854
7,64500	89,45475
7,65000	82,29578
7,65500	74,44152
7,66000	65,62140
7,66500	55,93906
7,67000	45,93078
7,67500	36,02197
7,68000	26,10568
7,68500	16,13527
7,69000	6,56273
7,69500	-2,41728
7,70000	-11,27937
7,70500	-20,46248
7,71000	-29,81228
7,71500	-38,75499
7,72000	-46,80154
7,72500	-53,92953
7,73000	-60,50598
7,73500	-66,74734
7,74000	-72,41508
7,74500	-77,33451
7,75000	-81,82717
7,75500	-86,30527
7,76000	-90,83028
7,76500	-95,08106
7,77000	-98,42107
7,77500	-100,25633
7,78000	-100,70055
7,78500	-100,60352
7,79000	-100,66439
7,79500	-100,64684
7,80000	-99,58762
7,80500	-96,88628
7,81000	-92,96870
7,81500	-88,72911
7,82000	-84,57826
7,82500	-80,23402
7,83000	-75,53204
7,83500	-70,96245
7,84000	-67,04507
7,84500	-63,75885
7,85000	-60,74044
7,85500	-57,61749
7,86000	-54,21687
7,86500	-50,62956
7,87000	-46,91933
7,87500	-42,84705
7,88000	-38,24743
7,88500	-33,43817
7,89000	-28,83929
7,89500	-24,60961
7,90000	-20,92357
7,90500	-18,11579
7,91000	-16,33384
7,91500	-15,25320
7,92000	-14,36696
7,92500	-13,57441
7,93000	-13,14453
7,93500	-13,12599
7,94000	-13,18651
7,94500	-12,85940
7,95000	-11,70894
7,95500	-9,64717
7,96000	-7,15754
7,96500	-4,60454
7,97000	-1,50188
7,97500	2,86155
7,98000	8,45765
7,98500	14,57794
7,99000	20,54099
7,99500	26,20335
8,00000	31,81761
8,00500	37,63075
8,01000	43,76374
8,01500	50,15431
8,02000	56,50210
8,02500	62,51205
8,03000	68,14295
8,03500	73,47907
8,04000	78,60082
8,04500	83,61970
8,05000	88,44812
8,05500	92,63277
8,06000	95,81792
8,06500	98,13021
8,07000	99,85894
8,07500	100,99384
8,08000	101,20954
8,08500	100,28045
8,09000	98,37587
8,09500	95,86734
8,10000	92,97683
8,10500	89,67653
8,11000	85,90060
8,11500	81,71012
8,12000	77,17365
8,12500	72,31358
8,13000	67,21069
8,13500	61,88927
8,14000	56,31150
8,14500	50,87983
8,15000	46,37320
8,15500	42,94737
8,16000	39,96536
8,16500	36,92347
8,17000	33,84186
8,17500	31,04299
8,18000	29,04734
8,18500	28,36356
8,19000	29,06530
8,19500	30,66441
8,20000	32,54571
8,20500	34,52461
8,21000	36,81127
8,21500	39,44869
8,22000	42,12623
8,22500	44,52666
8,23000	46,49742
8,23500	47,78584
8,24000	47,77160
8,24500	45,77695
8,25000	41,79422
8,25500	36,69950
8,26000	31,47352
8,26500	26,18857
8,27000	20,10670
8,27500	12,69909
8,28000	4,00148
8,28500	-5,65320
8,29000	-15,55918
8,29500	-24,82946
8,30000	-33,17281
8,30500	-41,05824
8,31000	-49,01469
8,31500	-57,05521
8,32000	-64,73702
8,32500	-71,61682
8,33000	-77,47934
8,33500	-82,24861
8,34000	-86,01057
8,34500	-88,95224
8,35000	-91,07112
8,35500	-92,24726
8,36000	-92,67153
8,36500	-92,80048
8,37000	-92,89748
8,37500	-92,93052
8,38000	-92,77208
8,38500	-92,34184
8,39000	-91,73676
8,39500	-91,19119
8,40000	-90,69598
8,40500	-89,81718
8,41000	-88,08053
8,41500	-85,31557
8,42000	-81,70653
8,42500	-77,84654
8,43000	-74,34113
8,43500	-70,98203
8,44000	-67,03632
8,44500	-62,52785
8,45000	-58,20574
8,45500	-54,34230
8,46000	-50,47160
8,46500	-46,21353
8,47000	-41,90570
8,47500	-38,17069
8,48000	-35,06625
8,48500	-32,17926
8,49000	-29,26676
8,49500	-26,38018
8,50000	-23,68748
8,50500	-21,37034
8,51000	-19,51127
8,51500	-18,07736
8,52000	-17,07419
8,52500	-16,53435
8,53000	-16,27151
8,53500	-15,88382
8,54000	-15,12745
8,54500	-14,21409
8,55000	-13,68627
8,55500	-14,02106
8,56000	-15,45561
8,56500	-17,99611
8,57000	-21,24432
8,57500	-24,44030
8,58000	-26,97670
8,58500	-28,70013
8,59000	-29,76942
8,59500	-30,51708
8,60000	-31,28261
8,60500	-32,13546
8,61000	-32,95153
8,61500	-33,76421
8,62000	-34,61151
8,62500	-35,12627
8,63000	-34,76267
8,63500	-33,40031
8,64000	-31,53256
8,64500	-29,77073
8,65000	-28,20376
8,65500	-26,47732
8,66000	-24,38665
8,66500	-22,15695
8,67000	-20,17961
8,67500	-18,61818
8,68000	-17,45400
8,68500	-16,72529
8,69000	-16,41420
8,69500	-16,33015
8,70000	-16,29696
8,70500	-16,26995
8,71000	-16,25995
8,71500	-16,27746
8,72000	-16,32927
8,72500	-16,40189
8,73000	-16,42139
8,73500	-16,22368
8,74000	-15,62334
8,74500	-14,70814
8,75000	-14,04845
8,75500	-14,00995
8,76000	-13,91112
8,76500	-12,93406
8,77000	-11,51299
8,77500	-10,65352
8,78000	-10,45476
8,78500	-10,03500
8,79000	-8,61322
8,79500	-6,30448
8,80000	-3,64386
8,80500	-0,68479
8,81000	3,02870
8,81500	7,86617
8,82000	13,68903
8,82500	19,97587
8,83000	26,36658
8,83500	33,00943
8,84000	40,20413
8,84500	47,84956
8,85000	55,67379
8,85500	63,70469
8,86000	71,92921
8,86500	79,86411
8,87000	86,93424
8,87500	93,12676
8,88000	98,93877
8,88500	104,52822
8,89000	109,52869
8,89500	113,93878
8,90000	118,08691
8,90500	121,77842
8,91000	124,70220
8,91500	127,06158
8,92000	128,91988
8,92500	129,84634
8,93000	129,58577
8,93500	128,31046
8,94000	126,29551
8,94500	123,86334
8,95000	121,40396
8,95500	119,11246
8,96000	116,76962
8,96500	113,97071
8,97000	110,66714
8,97500	107,17262
8,98000	103,56422
8,98500	99,66776
8,99000	95,63619
8,99500	91,99848
9,00000	89,11762
9,00500	86,83890
9,01000	84,86626
9,01500	83,27082
9,02000	82,15312
9,02500	81,26192
9,03000	80,46726
9,03500	79,99798
9,04000	79,95197
9,04500	80,08965
9,05000	80,03217
9,05500	79,30550
9,06000	77,44864
9,06500	74,34484
9,07000	70,27436
9,07500	65,70054
9,08000	61,20762
9,08500	57,23485
9,09000	53,55862
9,09500	49,48301
9,10000	44,63204
9,10500	39,19237
9,11000	33,58641
9,11500	28,23703
9,12000	23,51853
9,12500	19,77112
9,13000	17,33485
9,13500	16,37263
9,14000	16,53176
9,14500	17,23379
9,15000	18,36423
9,15500	20,05071
9,16000	22,08216
9,16500	24,18422
9,17000	26,28408
9,17500	28,14075
9,18000	29,32959
9,18500	29,53550
9,19000	28,30835
9,19500	25,05794
9,20000	19,85085
9,20500	13,50708
9,21000	6,67228
9,21500	-0,58344
9,22000	-8,38914
9,22500	-16,69190
9,23000	-25,22238
9,23500	-33,70534
9,24000	-41,92799
9,24500	-49,73186
9,25000	-57,14827
9,25500	-64,37143
9,26000	-71,48622
9,26500	-78,36079
9,27000	-84,83891
9,27500	-90,96641
9,28000	-96,92679
9,28500	-102,68736
9,29000	-107,78454
9,29500	-111,59129
9,30000	-113,88176
9,30500	-114,99129
9,31000	-115,31478
9,31500	-114,81654
9,32000	-113,18296
9,32500	-110,48360
9,33000	-107,35831
9,33500	-104,29754
9,34000	-101,19843
9,34500	-97,85562
9,35000	-94,49597
9,35500	-91,64306
9,36000	-89,55627
9,36500	-88,08808
9,37000	-87,14256
9,37500	-86,84123
9,38000	-87,18089
9,38500	-87,88002
9,39000	-88,68108
9,39500	-89,66190
9,40000	-90,95423
9,40500	-92,32974
9,41000	-93,64778
9,41500	-95,31125
9,42000	-97,60748
9,42500	-100,18992
9,43000	-102,61160
9,43500	-104,79961
9,44000	-106,81268
9,44500	-108,40253
9,45000	-109,20838
9,45500	-109,40579
9,46000	-109,36265
9,46500	-108,77032
9,47000	-107,12952
9,47500	-104,56979
9,48000	-101,40746
9,48500	-97,61985
9,49000	-93,13416
9,49500	-88,09035
9,50000	-82,64330
9,50500	-76,68740
9,51000	-69,88283
9,51500	-62,02282
9,52000	-53,36661
9,52500	-44,50127
9,53000	-35,78997
9,53500	-27,07325
9,54000	-18,02177
9,54500	-8,65196
9,55000	0,54983
9,55500	8,92196
9,56000	16,03223
9,56500	21,83466
9,57000	26,45989
9,57500	29,97859
9,58000	32,49254
9,58500	34,17932
9,59000	34,99617
9,59500	34,65888
9,60000	33,12474
9,60500	30,78472
9,61000	28,14576
9,61500	25,61383
9,62000	23,45169
9,62500	21,75475
9,63000	20,64880
9,63500	20,46965
9,64000	21,45389
9,64500	23,33744
9,65000	25,44459
9,65500	27,12700
9,66000	28,13712
9,66500	28,63368
9,67000	28,88121
9,67500	28,96580
9,68000	28,69609
9,68500	27,77030
9,69000	26,15486
9,69500	24,20125
9,70000	22,19728
9,70500	20,08357
9,71000	17,82521
9,71500	15,57043
9,72000	13,40286
9,72500	11,52313
9,73000	10,41583
9,73500	10,27468
9,74000	10,59567
9,74500	10,65671
9,75000	10,24863
9,75500	9,84302
9,76000	9,98327
9,76500	10,64344
9,77000	11,28785
9,77500	11,40415
9,78000	10,97767
9,78500	10,51536
9,79000	10,52246
9,79500	10,95200
9,80000	11,47480
9,80500	12,24412
9,81000	13,84985
9,81500	16,54903
9,82000	19,86927
9,82500	22,96715
9,83000	25,29681
9,83500	26,84523
9,84000	27,94700
9,84500	29,13343
9,85000	30,73871
9,85500	32,31292
9,86000	32,88578
9,86500	31,98091
9,87000	29,96294
9,87500	27,53431
9,88000	25,22502
9,88500	23,14495
9,89000	21,01882
9,89500	18,58228
9,90000	15,95841
9,90500	13,51460
9,91000	11,40923
9,91500	9,38646
9,92000	7,05130
9,92500	4,26577
9,93000	1,12036
9,93500	-2,23097
9,94000	-5,47305
9,94500	-8,29093
9,95000	-10,73445
9,95500	-12,85159
9,96000	-14,10974
9,96500	-13,79666
9,97000	-11,81253
9,97500	-8,76431
9,98000	-5,25795
9,98500	-1,26661
9,99000	3,46846
9,99500	8,86176
10,00000	14,78131
10,00500	21,38059
10,01000	28,84909
10,01500	37,15212
10,02000	45,99065
10,02500	54,82450
10,03000	63,18341
10,03500	71,08355
10,04000	78,72499
10,04500	85,91545
10,05000	92,34600
10,05500	98,01525
10,06000	102,94752
10,06500	107,04207
10,07000	110,33087
10,07500	112,82057
10,08000	114,18972
10,08500	114,11436
10,09000	112,70136
10,09500	110,39195
10,10000	107,54540
10,10500	104,16132
10,11000	100,06893
10,11500	95,26913
10,12000	89,95248
10,12500	84,24738
10,13000	78,03782
10,13500	71,13122
10,14000	63,56467
10,14500	55,64991
10,15000	47,72068
10,15500	39,97240
10,16000	32,79342
10,16500	26,90709
10,17000	22,67724
10,17500	19,83830
10,18000	18,22767
10,18500	17,93722
10,19000	18,73155
10,19500	20,18317
10,20000	22,22300
10,20500	25,03007
10,21000	28,69373
10,21500	33,21604
10,22000	38,58203
10,22500	44,72586
10,23000	51,46477
10,23500	58,51654
10,24000	65,58028
10,24500	72,29454
10,25000	78,22089
10,25500	83,04728
10,26000	86,67432
10,26500	89,00280
10,27000	89,85610
10,27500	89,23806
10,28000	87,50450
10,28500	85,11723
10,29000	82,21944
10,29500	78,51182
10,30000	73,54584
10,30500	67,05894
10,31000	59,12714
10,31500	50,18150
10,32000	40,75328
10,32500	31,03239
10,33000	20,70613
10,33500	9,30752
10,34000	-3,21068
10,34500	-16,43823
10,35000	-30,16566
10,35500	-44,50347
10,36000	-59,14449
10,36500	-73,25169
10,37000	-86,19605
10,37500	-97,89782
10,38000	-108,55351
10,38500	-118,34660
10,39000	-127,35259
10,39500	-135,55940
10,40000	-142,90212
10,40500	-149,25801
10,41000	-154,49199
10,41500	-158,62415
10,42000	-161,93799
10,42500	-164,73854
10,43000	-167,01698
10,43500	-168,55966
10,44000	-169,24165
10,44500	-169,06816
10,45000	-168,09354
10,45500	-166,38951
10,46000	-164,05312
10,46500	-161,13631
10,47000	-157,58431
10,47500	-153,48731
10,48000	-149,31708
10,48500	-145,46658
10,49000	-141,74246
10,49500	-137,81842
10,50000	-133,80159
10,50500	-129,97667
10,51000	-126,37997
10,51500	-122,87354
10,52000	-119,54836
10,52500	-116,74419
10,53000	-114,52493
10,53500	-112,65521
10,54000	-111,08364
10,54500	-109,70585
10,55000	-107,99963
10,55500	-105,64734
10,56000	-103,04524
10,56500	-100,82820
10,57000	-99,33019
10,57500	-98,47155
10,58000	-97,80026
10,58500	-96,75053
10,59000	-95,08836
10,59500	-93,07948
10,60000	-91,18853
10,60500	-89,59308
10,61000	-87,91322
10,61500	-85,44795
10,62000	-81,80424
10,62500	-77,27234
10,63000	-72,30101
10,63500	-66,82065
10,64000	-60,59798
10,64500	-53,73415
10,65000	-46,32981
10,65500	-38,22830
10,66000	-29,32111
10,66500	-19,78989
10,67000	-10,04646
10,67500	-0,59705
10,68000	8,08396
10,68500	15,72392
10,69000	22,37699
10,69500	28,28489
10,70000	33,51513
10,70500	37,88529
10,71000	41,25787
10,71500	43,44552
10,72000	43,94848
10,72500	42,46266
10,73000	39,35291
10,73500	35,16811
10,74000	30,11333
10,74500	24,16604
10,75000	17,35520
10,75500	9,86982
10,76000	2,06423
10,76500	-5,73220
10,77000	-13,44940
10,77500	-21,03866
10,78000	-28,14979
10,78500	-34,48425
10,79000	-40,16589
10,79500	-45,44484
10,80000	-50,46992
10,80500	-55,42775
10,81000	-60,41908
10,81500	-65,27800
10,82000	-69,87448
10,82500	-74,34288
10,83000	-78,76347
10,83500	-82,82659
10,84000	-85,89226
10,84500	-87,30986
10,85000	-86,76508
10,85500	-84,43534
10,86000	-80,71111
10,86500	-75,79802
10,87000	-69,82706
10,87500	-63,09361
10,88000	-55,87117
10,88500	-48,28366
10,89000	-40,50797
10,89500	-32,74555
10,90000	-25,03769
10,90500	-17,53166
10,91000	-10,63766
10,91500	-4,52932
10,92000	1,03032
10,92500	6,21621
10,93000	11,01058
10,93500	15,40327
10,94000	19,29153
10,94500	22,39801
10,95000	24,59755
10,95500	26,23401
10,96000	27,86416
10,96500	29,49288
10,97000	30,32338
10,97500	29,65172
10,98000	27,75117
10,98500	25,61476
10,99000	23,86887
10,99500	22,21372
11,00000	20,29865
11,00500	18,50402
11,01000	17,33006
11,01500	16,76825
11,02000	16,52039
11,02500	16,36594
11,03000	16,32158
11,03500	16,62122
11,04000	17,52975
11,04500	19,13473
11,05000	21,33744
11,05500	24,06908
11,06000	27,46222
11,06500	31,63700
11,07000	36,27445
11,07500	40,80919
11,08000	45,12305
11,08500	49,59512
11,09000	54,54586
11,09500	59,91296
11,10000	65,35267
11,10500	70,53481
11,11000	75,32015
11,11500	79,65518
11,12000	83,31056
11,12500	85,90967
11,13000	87,37137
11,13500	88,03590
11,14000	88,25304
11,14500	88,10598
11,15000	87,51045
11,15500	86,44368
11,16000	84,97453
11,16500	83,08637
11,17000	80,72205
11,17500	77,98889
11,18000	75,12290
11,18500	72,36226
11,19000	69,97174
11,19500	68,21822
11,20000	67,19312
11,20500	66,73596
11,21000	66,57375
11,21500	66,50165
11,22000	66,44192
11,22500	66,38565
11,23000	66,33875
11,23500	66,33228
11,24000	66,44030
11,24500	66,73573
11,25000	67,13367
11,25500	67,17567
11,26000	66,18961
11,26500	64,09278
11,27000	61,72138
11,27500	59,83382
11,28000	58,35471
11,28500	56,91598
11,29000	55,41935
11,29500	53,97178
11,30000	52,75673
11,30500	51,95519
11,31000	51,63659
11,31500	51,85355
11,32000	52,80410
11,32500	54,62257
11,33000	57,14476
11,33500	60,16519
11,34000	63,66591
11,34500	67,58302
11,35000	71,69223
11,35500	75,84057
11,36000	80,02957
11,36500	84,28950
11,37000	88,58650
11,37500	92,75517
11,38000	96,46188
11,38500	99,30562
11,39000	101,06162
11,39500	101,86750
11,40000	102,05727
11,40500	101,76384
11,41000	100,85034
11,41500	99,21895
11,42000	96,94590
11,42500	94,09009
11,43000	90,55563
11,43500	86,37215
11,44000	82,11937
11,44500	78,61739
11,45000	76,12108
11,45500	74,27190
11,46000	72,69065
11,46500	71,27542
11,47000	70,12077
11,47500	69,28034
11,48000	68,47611
11,48500	67,10230
11,49000	64,68308
11,49500	61,18788
11,50000	56,83567
11,50500	51,86144
11,51000	46,50095
11,51500	40,96255
11,52000	35,34968
11,52500	29,70561
11,53000	24,14520
11,53500	18,89814
11,54000	14,23257
11,54500	10,38407
11,55000	7,61573
11,55500	6,24396
11,56000	6,44048
11,56500	8,08195
11,57000	10,82739
11,57500	14,29782
11,58000	18,32521
11,58500	23,09090
11,59000	28,84297
11,59500	35,38299
11,60000	42,07600
11,60500	48,42491
11,61000	54,36947
11,61500	60,10241
11,62000	65,77523
11,62500	71,32435
11,63000	76,51592
11,63500	81,11457
11,64000	84,98358
11,64500	88,00011
11,65000	89,90152
11,65500	90,34674
11,66000	89,26334
11,66500	87,10520
11,67000	84,51877
11,67500	81,74892
11,68000	78,61023
11,68500	74,94430
11,69000	70,96600
11,69500	67,20583
11,70000	64,09559
11,70500	61,61150
11,71000	59,45526
11,71500	57,61168
11,72000	56,32863
11,72500	55,51358
11,73000	54,78746
11,73500	53,98821
11,74000	53,01942
11,74500	51,70580
11,75000	50,22821
11,75500	48,93533
11,76000	47,61225
11,76500	45,75978
11,77000	43,29041
11,77500	40,23636
11,78000	36,26242
11,78500	30,97263
11,79000	24,45407
11,79500	17,23441
11,80000	9,58347
11,80500	1,13667
11,81000	-8,52994
11,81500	-19,43035
11,82000	-31,33538
11,82500	-43,80912
11,83000	-56,29885
11,83500	-68,68121
11,84000	-81,25623
11,84500	-93,94982
11,85000	-106,32454
11,85500	-118,37624
11,86000	-130,39182
11,86500	-142,31671
11,87000	-153,91208
11,87500	-165,00937
11,88000	-175,30299
11,88500	-184,38313
11,89000	-192,07190
11,89500	-198,42113
11,90000	-203,33356
11,90500	-206,35530
11,91000	-207,01251
11,91500	-205,33850
11,92000	-201,81252
11,92500	-196,88503
11,93000	-190,86203
11,93500	-183,85495
11,94000	-175,57336
11,94500	-165,66312
11,95000	-154,36414
11,95500	-142,49023
11,96000	-130,83740
11,96500	-119,82336
11,97000	-109,56035
11,97500	-100,05513
11,98000	-91,31043
11,98500	-83,33572
11,99000	-76,13838
11,99500	-69,73484
12,00000	-64,18024
12,00500	-59,62782
12,01000	-56,33911
12,01500	-54,51551
12,02000	-54,09227
12,02500	-54,73198
12,03000	-56,12464
12,03500	-58,29995
12,04000	-61,43207
12,04500	-65,46726
12,05000	-70,22579
12,05500	-75,49664
12,06000	-80,74963
12,06500	-85,45141
12,07000	-89,83483
12,07500	-94,45560
12,08000	-99,18412
12,08500	-103,46901
12,09000	-107,10670
12,09500	-110,21281
12,10000	-112,76445
12,10500	-114,43862
12,11000	-114,95306
12,11500	-114,43959
12,12000	-113,37554
12,12500	-112,29468
12,13000	-111,57072
12,13500	-111,26344
12,14000	-111,05096
12,14500	-110,39659
12,15000	-108,98894
12,15500	-107,10447
12,16000	-105,29647
12,16500	-103,70286
12,17000	-102,02978
12,17500	-100,13680
12,18000	-98,30474
12,18500	-96,84245
12,19000	-95,57203
12,19500	-94,16687
12,20000	-92,81239
12,20500	-91,79133
12,21000	-90,87291
12,21500	-89,78346
12,22000	-88,67835
12,22500	-87,75980
12,23000	-86,84145
12,23500	-85,51846
12,24000	-83,72928
12,24500	-81,83611
12,25000	-79,99730
12,25500	-77,93917
12,26000	-75,33895
12,26500	-71,86138
12,27000	-67,10698
12,27500	-61,06445
12,28000	-54,19529
12,28500	-46,83737
12,29000	-39,03020
12,29500	-30,84934
12,30000	-22,43446
12,30500	-13,81178
12,31000	-4,99618
12,31500	3,71303
12,32000	11,74961
12,32500	18,87063
12,33000	25,48654
12,33500	32,01313
12,34000	38,34745
12,34500	44,23339
12,35000	49,48756
12,35500	53,83450
12,36000	57,12171
12,36500	59,62716
12,37000	61,83663
12,37500	63,90494
12,38000	65,42495
12,38500	65,92067
12,39000	65,51414
12,39500	64,89554
12,40000	64,72307
12,40500	65,07167
12,41000	65,32178
12,41500	64,63658
12,42000	62,76096
12,42500	60,33287
12,43000	58,29606
12,43500	57,17085
12,44000	56,92792
12,44500	57,38873
12,45000	58,48260
12,45500	59,95015
12,46000	61,36779
12,46500	62,74185
12,47000	64,25970
12,47500	65,46205
12,48000	65,59216
12,48500	64,59441
12,49000	63,17593
12,49500	61,93160
12,50000	60,64426
12,50500	58,73302
12,51000	56,09467
12,51500	52,98786
12,52000	49,59170
12,52500	46,09802
12,53000	42,67947
12,53500	39,19657
12,54000	35,37352
12,54500	31,14905
12,55000	26,58748
12,55500	21,76394
12,56000	16,85805
12,56500	11,98476
12,57000	6,97608
12,57500	1,68320
12,58000	-3,70297
12,58500	-8,89349
12,59000	-13,87436
12,59500	-18,88439
12,60000	-24,00455
12,60500	-28,90424
12,61000	-33,12330
12,61500	-36,35971
12,62000	-38,43195
12,62500	-39,28309
12,63000	-39,04627
12,63500	-37,92054
12,64000	-35,98855
12,64500	-33,20522
12,65000	-29,42510
12,65500	-24,39673
12,66000	-17,88314
12,66500	-9,81415
12,67000	-0,29659
12,67500	10,51193
12,68000	22,43531
12,68500	35,03754
12,69000	47,58318
12,69500	59,53143
12,70000	70,76739
12,70500	81,14658
12,71000	90,32457
12,71500	98,23434
12,72000	105,26657
12,72500	111,71185
12,73000	117,14587
12,73500	120,79021
12,74000	122,60167
12,74500	123,34311
12,75000	123,55949
12,75500	123,14460
12,76000	121,80080
12,76500	119,55590
12,77000	116,68227
12,77500	113,22936
12,78000	109,07610
12,78500	104,41369
12,79000	99,86477
12,79500	96,00057
12,80000	92,73777
12,80500	89,46785
12,81000	85,81153
12,81500	82,03227
12,82000	78,80293
12,82500	76,69689
12,83000	75,87519
12,83500	76,12553
12,84000	77,07378
12,84500	78,43283
12,85000	80,10037
12,85500	82,00157
12,86000	84,01447
12,86500	86,27393
12,87000	89,29015
12,87500	93,40603
12,88000	98,42513
12,88500	103,91986
12,89000	109,55743
12,89500	115,11716
12,90000	120,40559
12,90500	125,28992
12,91000	129,84297
12,91500	134,24173
12,92000	138,44621
12,92500	142,13937
12,93000	145,07930
12,93500	147,44362
12,94000	149,50584
12,94500	151,07210
12,95000	151,77756
12,95500	151,64499
12,96000	150,96848
12,96500	150,20038
12,97000	149,91908
12,97500	150,06555
12,98000	149,66173
12,98500	148,18225
12,99000	146,29208
12,99500	144,73659
13,00000	143,69632
13,00500	143,18587
13,01000	143,05563
13,01500	142,70534
13,02000	141,25110
13,02500	138,04846
13,03000	133,09972
13,03500	126,91208
13,04000	119,91709
13,04500	112,12933
13,05000	103,42014
13,05500	93,91758
13,06000	83,84016
13,06500	73,13104
13,07000	61,62286
13,07500	49,38439
13,08000	36,75338
13,08500	24,19857
13,09000	12,14637
13,09500	0,84807
13,10000	-9,62889
13,10500	-19,36675
13,11000	-28,56100
13,11500	-37,38656
13,12000	-45,78358
13,12500	-53,40727
13,13000	-59,87846
13,13500	-65,05415
13,14000	-69,05804
13,14500	-72,12626
13,15000	-74,46038
13,15500	-76,23740
13,16000	-77,58511
13,16500	-78,48188
13,17000	-78,89762
13,17500	-78,98557
13,18000	-78,98658
13,18500	-79,09429
13,19000	-79,47300
13,19500	-80,26839
13,20000	-81,66359
13,20500	-84,04692
13,21000	-87,81968
13,21500	-92,84621
13,22000	-98,58000
13,22500	-104,74767
13,23000	-111,37377
13,23500	-118,44524
13,24000	-125,96511
13,24500	-133,97528
13,25000	-142,36609
13,25500	-150,89096
13,26000	-159,33287
13,26500	-167,52445
13,27000	-175,34384
13,27500	-182,74144
13,28000	-189,55875
13,28500	-195,40154
13,29000	-199,91686
13,29500	-202,98824
13,30000	-204,67679
13,30500	-205,37369
13,31000	-205,68640
13,31500	-205,65727
13,32000	-204,66354
13,32500	-202,40732
13,33000	-199,12431
13,33500	-194,91657
13,34000	-189,87430
13,34500	-184,49262
13,35000	-179,34889
13,35500	-174,67467
13,36000	-170,35823
13,36500	-166,15550
13,37000	-161,81250
13,37500	-157,01801
13,38000	-151,43329
13,38500	-144,92973
13,39000	-137,70046
13,39500	-129,82222
13,40000	-120,67838
13,40500	-109,38875
13,41000	-95,94379
13,41500	-81,35552
13,42000	-66,73508
13,42500	-52,61976
13,43000	-39,05056
13,43500	-26,03059
13,44000	-13,87720
13,44500	-3,03936
13,45000	6,47595
13,45500	15,04945
13,46000	22,76134
13,46500	29,32785
13,47000	34,50619
13,47500	38,08674
13,48000	39,87122
13,48500	39,94877
13,49000	38,62542
13,49500	36,10100
13,50000	32,59094
13,50500	28,41537
13,51000	23,66945
13,51500	18,19611
13,52000	11,94766
13,52500	5,13996
13,53000	-1,91762
13,53500	-9,03424
13,54000	-16,16474
13,54500	-23,31116
13,55000	-30,46952
13,55500	-37,63527
13,56000	-44,81250
13,56500	-52,01143
13,57000	-59,23164
13,57500	-66,42957
13,58000	-73,48713
13,58500	-80,24026
13,59000	-86,60719
13,59500	-92,64883
13,60000	-98,35232
13,60500	-103,40169
13,61000	-107,27464
13,61500	-109,43028
13,62000	-109,42075
13,62500	-107,05167
13,63000	-102,53399
13,63500	-96,47287
13,64000	-89,41132
13,64500	-81,27194
13,65000	-71,58288
13,65500	-60,16307
13,66000	-47,40295
13,66500	-34,11995
13,67000	-21,22263
13,67500	-9,28273
13,68000	1,71519
13,68500	12,14487
13,69000	22,25789
13,69500	31,96239
13,70000	40,95095
13,70500	48,87756
13,71000	55,40901
13,71500	60,37238
13,72000	63,94968
13,72500	66,33386
13,73000	67,29161
13,73500	66,60066
13,74000	64,52573
13,74500	61,49563
13,75000	57,78194
13,75500	53,55093
13,76000	48,92667
13,76500	44,11343
13,77000	39,55258
13,77500	35,64059
13,78000	32,28579
13,78500	29,19630
13,79000	26,53688
13,79500	24,95519
13,80000	24,97004
13,80500	26,43528
13,81000	28,71217
13,81500	31,27545
13,82000	33,97217
13,82500	36,90574
13,83000	40,25505
13,83500	44,06871
13,84000	48,18405
13,84500	52,39233
13,85000	56,60814
13,85500	60,84259
13,86000	65,11573
13,86500	69,42367
13,87000	73,71216
13,87500	77,84166
13,88000	81,61518
13,88500	84,92991
13,89000	87,90781
13,89500	90,78475
13,90000	93,70570
13,90500	96,68910
13,91000	99,64799
13,91500	102,32201
13,92000	104,27853
13,92500	105,28338
13,93000	105,78864
13,93500	106,48442
13,94000	107,34160
13,94500	108,06585
13,95000	109,00233
13,95500	110,36918
13,96000	111,53369
13,96500	111,86097
13,97000	111,17579
13,97500	109,36404
13,98000	106,57568
13,98500	103,37206
13,99000	100,00575
13,99500	96,14392
14,00000	91,46777
14,00500	85,98513
14,01000	79,84597
14,01500	73,18964
14,02000	65,96886
14,02500	57,80497
14,03000	48,24889
14,03500	37,21938
14,04000	25,07867
14,04500	12,28155
14,05000	-0,94565
14,05500	-14,45864
14,06000	-27,95062
14,06500	-41,11696
14,07000	-53,80158
14,07500	-65,82240
14,08000	-76,98485
14,08500	-87,24171
14,09000	-96,46418
14,09500	-104,35836
14,10000	-110,97196
14,10500	-116,66502
14,11000	-121,39445
14,11500	-124,70152
14,12000	-126,29481
14,12500	-126,24455
14,13000	-124,84398
14,13500	-122,44765
14,14000	-119,25382
14,14500	-115,26521
14,15000	-110,66301
14,15500	-105,86161
14,16000	-100,98382
14,16500	-95,83991
14,17000	-90,42924
14,17500	-84,93607
14,18000	-79,34152
14,18500	-73,31033
14,19000	-66,36237
14,19500	-58,15225
14,20000	-48,73002
14,20500	-38,58526
14,21000	-28,38246
14,21500	-18,44730
14,22000	-8,53225
14,22500	1,55564
14,23000	11,40772
14,23500	20,56923
14,24000	28,98532
14,24500	36,57083
14,25000	43,06644
14,25500	48,36874
14,26000	52,51012
14,26500	55,48095
14,27000	57,28777
14,27500	57,85072
14,28000	56,98336
14,28500	55,02025
14,29000	52,85060
14,29500	50,69201
14,30000	47,64285
14,30500	42,81919
14,31000	36,31292
14,31500	28,85991
14,32000	20,84148
14,32500	12,07965
14,33000	2,63205
14,33500	-6,96331
14,34000	-16,31047
14,34500	-25,45926
14,35000	-34,53718
14,35500	-43,35645
14,36000	-51,67928
14,36500	-59,68558
14,37000	-67,65191
14,37500	-75,47298
14,38000	-82,91935
14,38500	-89,85564
14,39000	-96,02002
14,39500	-101,06252
14,40000	-104,73805
14,40500	-106,80930
14,41000	-107,11332
14,41500	-105,98170
14,42000	-104,19846
14,42500	-102,29765
14,43000	-100,08760
14,43500	-96,97239
14,44000	-92,70218
14,44500	-87,59323
14,45000	-82,08206
14,45500	-76,45227
14,46000	-70,92185
14,46500	-65,74352
14,47000	-61,14067
14,47500	-57,10808
14,48000	-53,39904
14,48500	-49,89656
14,49000	-46,99876
14,49500	-45,29089
14,50000	-44,72244
14,50500	-44,64305
14,51000	-44,61309
14,51500	-44,60061
14,52000	-44,62531
14,52500	-44,60693
14,53000	-44,40007
14,53500	-43,90501
14,54000	-43,22672
14,54500	-42,57967
14,55000	-41,92767
14,55500	-41,01556
14,56000	-39,84446
14,56500	-38,73853
14,57000	-37,90729
14,57500	-37,20678
14,58000	-36,43160
14,58500	-35,75471
14,59000	-35,60000
14,59500	-36,07203
14,60000	-36,78603
14,60500	-37,28152
14,61000	-37,50122
14,61500	-37,78544
14,62000	-38,41421
14,62500	-39,27589
14,63000	-39,98725
14,63500	-40,25193
14,64000	-39,94604
14,64500	-38,96011
14,65000	-37,35099
14,65500	-35,47310
14,66000	-33,54278
14,66500	-31,38123
14,67000	-28,81401
14,67500	-25,85462
14,68000	-22,46374
14,68500	-18,56954
14,69000	-14,22433
14,69500	-9,56403
14,70000	-4,87151
14,70500	-0,63932
14,71000	2,83864
14,71500	5,87008
14,72000	9,08283
14,72500	12,91158
14,73000	17,43597
14,73500	22,49881
14,74000	27,93876
14,74500	33,80175
14,75000	40,31621
14,75500	47,61608
14,76000	55,57028
14,76500	63,89465
14,77000	72,31567
14,77500	80,63312
14,78000	88,71915
14,78500	96,58791
14,79000	104,43889
14,79500	112,40685
14,80000	120,38810
14,80500	128,28989
14,81000	136,03755
14,81500	143,24710
14,82000	149,48695
14,82500	154,87354
14,83000	159,98283
14,83500	165,20416
14,84000	170,33864
14,84500	174,84282
14,85000	178,32602
14,85500	180,73204
14,86000	182,36545
14,86500	183,87021
14,87000	185,71870
14,87500	187,70261
14,88000	189,35608
14,88500	190,56853
14,89000	191,52338
14,89500	192,56224
14,90000	194,09479
14,90500	196,11574
14,91000	198,01300
14,91500	199,13370
14,92000	199,16867
14,92500	198,05039
14,93000	195,98383
14,93500	193,41454
14,94000	190,65631
14,94500	187,68092
14,95000	184,31143
14,95500	180,48161
14,96000	176,22726
14,96500	171,47171
14,97000	166,02846
14,97500	159,90642
14,98000	153,46983
14,98500	147,17654
14,99000	141,17984
14,99500	135,32944
15,00000	129,55397
15,00500	124,05647
15,01000	119,13234
15,01500	114,88116
15,02000	111,10686
15,02500	107,53435
15,03000	104,17153
15,03500	101,28609
15,04000	98,84672
15,04500	96,41753
15,05000	93,81287
15,05500	91,28089
15,06000	88,93778
15,06500	86,43832
15,07000	83,38044
15,07500	79,91296
15,08000	76,57038
15,08500	73,63172
15,09000	71,11465
15,09500	69,06039
15,10000	67,41332
15,10500	65,95906
15,11000	64,53299
15,11500	63,05589
15,12000	61,41299
15,12500	59,49082
15,13000	57,37259
15,13500	55,37542
15,14000	53,70555
15,14500	52,15147
15,15000	50,25772
15,15500	47,67777
15,16000	44,34905
15,16500	40,47841
15,17000	36,37034
15,17500	32,21577
15,18000	27,99878
15,18500	23,52727
15,19000	18,55079
15,19500	13,08478
15,20000	7,72602
15,20500	3,15649
15,21000	-0,75936
15,21500	-4,70399
15,22000	-8,95157
15,22500	-13,34131
15,23000	-17,74060
15,23500	-22,06532
15,24000	-26,11544
15,24500	-29,62076
15,25000	-32,46716
15,25500	-34,82938
15,26000	-37,00357
15,26500	-39,03374
15,27000	-40,63226
15,27500	-41,63891
15,28000	-42,14755
15,28500	-42,06488
15,29000	-41,27645
15,29500	-40,03405
15,30000	-38,33922
15,30500	-35,66484
15,31000	-32,01076
15,31500	-28,26892
15,32000	-25,18691
15,32500	-22,72641
15,33000	-20,54397
15,33500	-18,69426
15,34000	-17,53649
15,34500	-17,19686
15,35000	-17,70482
15,35500	-19,30996
15,36000	-22,14842
15,36500	-26,04524
15,37000	-30,82694
15,37500	-36,40648
15,38000	-42,59879
15,38500	-49,11511
15,39000	-55,82809
15,39500	-62,86787
15,40000	-70,14559
15,40500	-77,20424
15,41000	-83,91146
15,41500	-90,55489
15,42000	-97,09338
15,42500	-103,07044
15,43000	-108,10817
15,43500	-112,00781
15,44000	-114,60557
15,44500	-115,69677
15,45000	-114,95904
15,45500	-112,20970
15,46000	-108,02712
15,46500	-103,49261
15,47000	-99,07874
15,47500	-94,50223
15,48000	-89,53709
15,48500	-84,41749
15,49000	-79,54786
15,49500	-75,09192
15,50000	-71,02348
15,50500	-67,36963
15,51000	-64,12808
15,51500	-61,23700
15,52000	-58,80045
15,52500	-57,10511
15,53000	-56,43056
15,53500	-56,94775
15,54000	-58,62104
15,54500	-61,10932
15,55000	-63,95387
15,55500	-66,88884
15,56000	-69,77873
15,56500	-72,35117
15,57000	-74,22364
15,57500	-75,20576
15,58000	-75,38488
15,58500	-74,79671
15,59000	-73,30454
15,59500	-70,88858
15,60000	-67,57703
15,60500	-63,19038
15,61000	-57,70672
15,61500	-51,65202
15,62000	-45,75065
15,62500	-40,29217
15,63000	-35,02840
15,63500	-29,80187
15,64000	-24,95944
15,64500	-20,96653
15,65000	-18,07176
15,65500	-16,33762
15,66000	-15,57873
15,66500	-15,47007
15,67000	-15,92223
15,67500	-17,08729
15,68000	-18,99201
15,68500	-21,39198
15,69000	-24,00020
15,69500	-26,80539
15,70000	-30,17076
15,70500	-34,55635
15,71000	-40,00517
15,71500	-45,91087
15,72000	-51,42881
15,72500	-56,24705
15,73000	-60,78756
15,73500	-65,33598
15,74000	-69,51186
15,74500	-72,99522
15,75000	-75,85036
15,75500	-77,90842
15,76000	-78,69218
15,76500	-78,12334
15,77000	-76,97289
15,77500	-76,22573
15,78000	-76,03194
15,78500	-75,79520
15,79000	-75,03276
15,79500	-73,68855
15,80000	-71,89594
15,80500	-69,83921
15,81000	-67,97833
15,81500	-67,04829
15,82000	-67,42487
15,82500	-68,68822
15,83000	-70,02189
15,83500	-71,00518
15,84000	-71,90054
15,84500	-73,06037
15,85000	-74,42976
15,85500	-75,82075
15,86000	-77,23027
15,86500	-78,80865
15,87000	-80,73396
15,87500	-82,99389
15,88000	-85,16602
15,88500	-86,59341
15,89000	-86,89442
15,89500	-86,21204
15,90000	-84,92812
15,90500	-83,22946
15,91000	-81,06293
15,91500	-78,34104
15,92000	-74,93057
15,92500	-70,71281
15,93000	-65,93137
15,93500	-61,05579
15,94000	-56,22702
15,94500	-51,33977
15,95000	-46,34533
15,95500	-41,00228
15,96000	-34,91177
15,96500	-28,09090
15,97000	-20,98581
15,97500	-13,97609
15,98000	-7,26539
15,98500	-0,97554
15,99000	4,91755
15,99500	10,49799
16,00000	15,72733
16,00500	20,48686
16,01000	24,56115
16,01500	27,49443
16,02000	28,82921
16,02500	28,46556
16,03000	26,49491
16,03500	23,06008
16,04000	18,68086
16,04500	14,00134
16,05000	8,99245
16,05500	3,07069
16,06000	-4,07805
16,06500	-12,15921
16,07000	-20,62161
16,07500	-29,16713
16,08000	-37,79518
16,08500	-46,50038
16,09000	-55,08194
16,09500	-63,10880
16,10000	-70,12988
16,10500	-76,13519
16,11000	-81,55409
16,11500	-86,48422
16,12000	-90,36551
16,12500	-92,64880
16,13000	-93,21746
16,13500	-92,16834
16,14000	-89,70781
16,14500	-86,16373
16,15000	-81,90318
16,15500	-77,27796
16,16000	-72,42188
16,16500	-66,91097
16,17000	-60,01686
16,17500	-51,62300
16,18000	-42,45374
16,18500	-33,29555
16,19000	-24,46803
16,19500	-15,96649
16,20000	-7,78274
16,20500	0,00128
16,21000	7,31431
16,21500	14,01847
16,22000	19,86301
16,22500	24,74466
16,23000	28,66180
16,23500	31,38733
16,24000	32,73153
16,24500	32,91071
16,25000	32,21647
16,25500	30,81478
16,26000	29,08551
16,26500	27,44976
16,27000	25,72692
16,27500	23,19784
16,28000	19,41272
16,28500	14,77118
16,29000	10,10160
16,29500	5,82664
16,30000	1,96296
16,30500	-1,48800
16,31000	-4,65308
16,31500	-7,86499
16,32000	-11,29890
16,32500	-14,67367
16,33000	-17,46730
16,33500	-19,47809
16,34000	-20,93097
16,34500	-21,99956
16,35000	-22,63155
16,35500	-22,74221
16,36000	-22,19922
16,36500	-20,89104
16,37000	-19,06249
16,37500	-17,11404
16,38000	-14,98976
16,38500	-12,31760
16,39000	-9,03852
16,39500	-5,49653
16,40000	-2,00648
16,40500	1,46215
16,41000	5,02321
16,41500	8,50155
16,42000	11,64153
16,42500	14,38599
16,43000	16,72425
16,43500	18,63001
16,44000	20,23462
16,44500	21,76621
16,45000	23,29742
16,45500	24,65011
16,46000	25,46564
16,46500	25,46263
16,47000	24,86740
16,47500	24,23866
16,48000	23,45052
16,48500	21,66684
16,49000	18,73982
16,49500	15,35973
16,50000	11,78282
16,50500	7,69967
16,51000	3,03259
16,51500	-1,95170
16,52000	-7,12246
16,52500	-12,70278
16,53000	-18,76570
16,53500	-24,76698
16,54000	-30,00384
16,54500	-34,31398
16,55000	-38,08139
16,55500	-41,61142
16,56000	-44,68597
16,56500	-46,94013
16,57000	-48,25407
16,57500	-48,50560
16,58000	-47,60396
16,58500	-45,87317
16,59000	-43,70988
16,59500	-41,09153
16,60000	-37,97472
16,60500	-34,50972
16,61000	-30,50636
16,61500	-25,51595
16,62000	-19,55546
16,62500	-13,20153
16,63000	-7,04154
16,63500	-1,27846
16,64000	4,13745
16,64500	9,19824
16,65000	13,88763
16,65500	18,32530
16,66000	22,57840
16,66500	26,45515
16,67000	29,66402
16,67500	32,20985
16,68000	34,47478
16,68500	36,74192
16,69000	38,93808
16,69500	40,97548
16,70000	42,80876
16,70500	44,21037
16,71000	45,14504
16,71500	46,11513
16,72000	47,65437
16,72500	49,84531
16,73000	52,50690
16,73500	55,52088
16,74000	58,85969
16,74500	62,38257
16,75000	65,86862
16,75500	69,32845
16,76000	72,89108
16,76500	76,42268
16,77000	79,67137
16,77500	82,54718
16,78000	84,93935
16,78500	86,57925
16,79000	87,31258
16,79500	87,31115
16,80000	86,76597
16,80500	85,31016
16,81000	82,23936
16,81500	77,58956
16,82000	72,20545
16,82500	66,63348
16,83000	60,82160
16,83500	54,75441
16,84000	48,82572
16,84500	43,51983
16,85000	38,78066
16,85500	34,08260
16,86000	29,26074
16,86500	24,97503
16,87000	22,22243
16,87500	21,37412
16,88000	21,98196
16,88500	23,53920
16,89000	25,87044
16,89500	28,84514
16,90000	32,18174
16,90500	35,66114
16,91000	39,44088
16,91500	43,79219
16,92000	48,45340
16,92500	52,75005
16,93000	56,34778
16,93500	59,46445
16,94000	62,51333
16,94500	65,76531
16,95000	69,12551
16,95500	72,13277
16,96000	74,38731
16,96500	75,94041
16,97000	77,05072
16,97500	77,86189
16,98000	78,54866
16,98500	79,29795
16,99000	79,99770
16,99500	80,39414
17,00000	80,49643
17,00500	80,49908
17,01000	80,50245
17,01500	80,49816
17,02000	80,46578
17,02500	80,40744
17,03000	80,36604
17,03500	80,44830
17,04000	80,79850
17,04500	81,43936
17,05000	82,11547
17,05500	82,51618
17,06000	82,68702
17,06500	82,97179
17,07000	83,57449
17,07500	84,34209
17,08000	85,01357
17,08500	85,59547
17,09000	86,23902
17,09500	86,90101
17,10000	87,54703
17,10500	88,39444
17,11000	89,55675
17,11500	90,77461
17,12000	91,69246
17,12500	92,15859
17,13000	92,22161
17,13500	91,94902
17,14000	91,37647
17,14500	90,67177
17,15000	90,03291
17,15500	89,34859
17,16000	88,35015
17,16500	87,04996
17,17000	85,70869
17,17500	84,54465
17,18000	83,61765
17,18500	82,72659
17,19000	81,40336
17,19500	79,36451
17,20000	76,95476
17,20500	74,85210
17,21000	73,35562
17,21500	72,09901
17,22000	70,63797
17,22500	69,15842
17,23000	68,08028
17,23500	67,37919
17,24000	66,90669
17,24500	66,65305
17,25000	66,33539
17,25500	65,68616
17,26000	65,09944
17,26500	64,91153
17,27000	64,53809
17,27500	63,25345
17,28000	61,11886
17,28500	58,73088
17,29000	56,65643
17,29500	55,02823
17,30000	53,24139
17,30500	50,37183
17,31000	46,27121
17,31500	41,65014
17,32000	36,93121
17,32500	31,94292
17,33000	26,61469
17,33500	21,13872
17,34000	15,64973
17,34500	10,15136
17,35000	4,60821
17,35500	-1,01016
17,36000	-6,68314
17,36500	-12,24551
17,37000	-17,31510
17,37500	-21,44090
17,38000	-24,44673
17,38500	-26,47936
17,39000	-27,69832
17,39500	-28,12349
17,40000	-27,72254
17,40500	-26,50408
17,41000	-24,57875
17,41500	-22,19374
17,42000	-19,62921
17,42500	-16,97823
17,43000	-14,07015
17,43500	-10,62423
17,44000	-6,50308
17,44500	-1,91700
17,45000	2,60194
17,45500	6,60901
17,46000	10,15749
17,46500	13,47649
17,47000	16,45642
17,47500	18,94733
17,48000	21,03087
17,48500	22,54782
17,49000	23,10757
17,49500	22,74089
17,50000	21,68726
17,50500	19,80015
17,51000	17,05604
17,51500	14,03003
17,52000	11,17903
17,52500	8,30499
17,53000	4,96319
17,53500	0,93951
17,54000	-3,58384
17,54500	-8,06360
17,55000	-12,01717
17,55500	-15,61013
17,56000	-19,51017
17,56500	-24,06336
17,57000	-28,96584
17,57500	-33,65505
17,58000	-37,77289
17,58500	-41,38152
17,59000	-44,84937
17,59500	-48,43072
17,60000	-51,92115
17,60500	-54,88578
17,61000	-57,16481
17,61500	-58,96280
17,62000	-60,55203
17,62500	-61,99096
17,63000	-63,05991
17,63500	-63,47525
17,64000	-63,25617
17,64500	-62,76623
17,65000	-62,21404
17,65500	-61,41013
17,66000	-60,22237
17,66500	-58,84579
17,67000	-57,54276
17,67500	-56,48447
17,68000	-55,72694
17,68500	-55,07567
17,69000	-54,19639
17,69500	-53,04552
17,70000	-51,94450
17,70500	-51,14492
17,71000	-50,49739
17,71500	-49,57297
17,72000	-48,12091
17,72500	-46,43020
17,73000	-45,16840
17,73500	-44,68401
17,74000	-44,53400
17,74500	-44,13510
17,75000	-43,57853
17,75500	-43,23537
17,76000	-43,13669
17,76500	-43,18114
17,77000	-43,44252
17,77500	-44,02837
17,78000	-44,78894
17,78500	-45,30211
17,79000	-45,24691
17,79500	-44,71450
17,80000	-44,07542
17,80500	-43,53470
17,81000	-42,84263
17,81500	-41,57198
17,82000	-39,58617
17,82500	-37,09347
17,83000	-34,38390
17,83500	-31,61920
17,84000	-28,84876
17,84500	-26,14388
17,85000	-23,63809
17,85500	-21,40402
17,86000	-19,33209
17,86500	-17,35709
17,87000	-15,76525
17,87500	-14,87311
17,88000	-14,55492
17,88500	-14,51002
17,89000	-14,74292
17,89500	-15,46175
17,90000	-16,63646
17,90500	-17,95000
17,91000	-19,44794
17,91500	-21,82260
17,92000	-25,49869
17,92500	-29,96620
17,93000	-34,40077
17,93500	-38,51272
17,94000	-42,61050
17,94500	-46,88766
17,95000	-51,08547
17,95500	-55,14893
17,96000	-59,36576
17,96500	-63,62744
17,97000	-67,55322
17,97500	-71,19878
17,98000	-74,78305
17,98500	-78,19254
17,99000	-81,30277
17,99500	-84,21621
18,00000	-86,93212
18,00500	-89,19259
18,01000	-90,81682
18,01500	-92,09553
18,02000	-93,53402
18,02500	-95,14507
18,03000	-96,62629
18,03500	-98,06879
18,04000	-99,59514
18,04500	-100,79683
18,05000	-101,33687
18,05500	-101,45447
18,06000	-101,49407
18,06500	-101,54285
18,07000	-101,57939
18,07500	-101,60473
18,08000	-101,63969
18,08500	-101,70314
18,09000	-101,78178
18,09500	-101,78842
18,10000	-101,54321
18,10500	-100,87353
18,11000	-99,82385
18,11500	-98,69898
18,12000	-97,80452
18,12500	-97,15323
18,13000	-96,44865
18,13500	-95,42259
18,14000	-94,13915
18,14500	-92,85722
18,15000	-91,74330
18,15500	-90,75584
18,16000	-89,57755
18,16500	-87,80860
18,17000	-85,59051
18,17500	-83,61407
18,18000	-82,10006
18,18500	-80,64073
18,19000	-79,26662
18,19500	-78,46811
18,20000	-78,21826
18,20500	-77,93867
18,21000	-77,18378
18,21500	-75,90395
18,22000	-74,26223
18,22500	-72,48470
18,23000	-70,97950
18,23500	-70,20634
18,24000	-70,03506
18,24500	-69,78677
18,25000	-69,23955
18,25500	-68,79459
18,26000	-68,59916
18,26500	-68,34003
18,27000	-67,80060
18,27500	-67,13235
18,28000	-66,54950
18,28500	-65,88367
18,29000	-64,70459
18,29500	-62,88525
18,30000	-60,78303
18,30500	-58,87807
18,31000	-57,34619
18,31500	-56,01845
18,32000	-54,65897
18,32500	-53,08152
18,33000	-51,11638
18,33500	-48,69775
18,34000	-45,88091
18,34500	-42,70592
18,35000	-39,25071
18,35500	-35,79899
18,36000	-32,66882
18,36500	-29,93073
18,37000	-27,48623
18,37500	-25,17295
18,38000	-22,69341
18,38500	-19,90006
18,39000	-17,12890
18,39500	-14,71427
18,40000	-12,49402
18,40500	-10,29274
18,41000	-8,31327
18,41500	-6,75213
18,42000	-5,62182
18,42500	-4,94908
18,43000	-4,65598
18,43500	-4,34962
18,44000	-3,52255
18,44500	-2,00267
18,45000	-0,16336
18,45500	1,50216
18,46000	2,97439
18,46500	4,63193
18,47000	6,75017
18,47500	9,25952
18,48000	11,92250
18,48500	14,66284
18,49000	17,64107
18,49500	21,03918
18,50000	24,83602
18,50500	28,84132
18,51000	32,96303
18,51500	37,33490
18,52000	42,14103
18,52500	47,33182
18,53000	52,52697
18,53500	57,27263
18,54000	61,49643
18,54500	65,67091
18,55000	70,22636
18,55500	74,89614
18,56000	79,07208
18,56500	82,53604
18,57000	85,52261
18,57500	88,36166
18,58000	91,22816
18,58500	94,12274
18,59000	96,93129
18,59500	99,41686
18,60000	101,29125
18,60500	102,43280
18,61000	102,98348
18,61500	103,21407
18,62000	103,32750
18,62500	103,32336
18,63000	103,01333
18,63500	102,21118
18,64000	100,91834
18,64500	99,27340
18,65000	97,43534
18,65500	95,68396
18,66000	94,28760
18,66500	92,99279
18,67000	91,19821
18,67500	88,82224
18,68000	86,35343
18,68500	84,05890
18,69000	81,65654
18,69500	78,82425
18,70000	75,86241
18,70500	73,46205
18,71000	71,84406
18,71500	70,71037
18,72000	69,75040
18,72500	68,64742
18,73000	67,16817
18,73500	65,64159
18,74000	64,69556
18,74500	64,43119
18,75000	64,46320
18,75500	64,50996
18,76000	64,43565
18,76500	64,00806
18,77000	62,98622
18,77500	61,50327
18,78000	60,16085
18,78500	59,45709
18,79000	59,36895
18,79500	59,72638
18,80000	60,51702
18,80500	61,66261
18,81000	62,94913
18,81500	64,24880
18,82000	65,59406
18,82500	67,09748
18,83000	68,86891
18,83500	70,87903
18,84000	72,92336
18,84500	74,91087
18,85000	77,05153
18,85500	79,52467
18,86000	82,22121
18,86500	84,97152
18,87000	87,74106
18,87500	90,55576
18,88000	93,39988
18,88500	96,15853
18,89000	98,59409
18,89500	100,44318
18,90000	101,60105
18,90500	102,14854
18,91000	102,16022
18,91500	101,55992
18,92000	100,33542
18,92500	98,91519
18,93000	97,85025
18,93500	97,03526
18,94000	95,85823
18,94500	93,99056
18,95000	91,50922
18,95500	88,49002
18,96000	84,86312
18,96500	80,73094
18,97000	76,58180
18,97500	72,80070
18,98000	69,24693
18,98500	65,71254
18,99000	62,25097
18,99500	58,78391
19,00000	55,04205
19,00500	50,97878
19,01000	46,77654
19,01500	42,56936
19,02000	38,42870
19,02500	34,47119
19,03000	30,79875
19,03500	27,30730
19,04000	23,68198
19,04500	19,74993
19,05000	15,72524
19,05500	11,97852
19,06000	8,68643
19,06500	5,73133
19,07000	2,87536
19,07500	-0,00475
19,08000	-2,87152
19,08500	-5,58874
19,09000	-7,96550
19,09500	-9,86841
19,10000	-11,32599
19,10500	-12,45023
19,11000	-13,39064
19,11500	-14,45970
19,12000	-15,91042
19,12500	-17,47386
19,13000	-18,66760
19,13500	-19,42350
19,14000	-19,80140
19,14500	-19,65744
19,15000	-19,20947
19,15500	-19,19880
19,16000	-20,06972
19,16500	-21,46932
19,17000	-22,70293
19,17500	-23,54855
19,18000	-24,42202
19,18500	-25,69855
19,19000	-27,34599
19,19500	-29,18104
19,20000	-30,93823
19,20500	-32,36453
19,21000	-33,69083
19,21500	-35,50576
19,22000	-37,85587
19,22500	-40,08494
19,23000	-41,70596
19,23500	-43,00739
19,24000	-44,70308
19,24500	-47,05652
19,25000	-49,61575
19,25500	-51,84213
19,26000	-53,61440
19,26500	-55,18485
19,27000	-56,91352
19,27500	-58,96621
19,28000	-61,18378
19,28500	-63,34583
19,29000	-65,48175
19,29500	-67,63176
19,30000	-69,52387
19,30500	-70,90061
19,31000	-71,95157
19,31500	-73,13687
19,32000	-74,57719
19,32500	-75,81319
19,33000	-76,48219
19,33500	-76,94777
19,34000	-77,85620
19,34500	-79,32194
19,35000	-80,77182
19,35500	-81,59433
19,36000	-81,74556
19,36500	-81,49289
19,37000	-80,98963
19,37500	-80,34122
19,38000	-79,52940
19,38500	-78,21811
19,39000	-76,14629
19,39500	-73,52777
19,40000	-70,73746
19,40500	-67,95325
19,41000	-65,25908
19,41500	-62,79058
19,42000	-60,61905
19,42500	-58,54239
19,43000	-56,20989
19,43500	-53,56910
19,44000	-50,96008
19,44500	-48,73362
19,45000	-46,98649
19,45500	-45,64061
19,46000	-44,62143
19,46500	-43,82518
19,47000	-42,98633
19,47500	-41,91877
19,48000	-40,89715
19,48500	-40,48137
19,49000	-40,81077
19,49500	-41,23956
19,50000	-41,23393
19,50500	-41,33330
19,51000	-42,14118
19,51500	-43,14070
19,52000	-43,62834
19,52500	-43,69918
19,53000	-43,71744
19,53500	-43,79118
19,54000	-43,88975
19,54500	-43,94844
19,55000	-43,83194
19,55500	-43,35788
19,56000	-42,46185
19,56500	-41,34736
19,57000	-40,34129
19,57500	-39,52194
19,58000	-38,54976
19,58500	-37,04927
19,59000	-35,12581
19,59500	-33,11235
19,60000	-30,98217
19,60500	-28,53654
19,61000	-25,83578
19,61500	-23,06409
19,62000	-20,29392
19,62500	-17,51949
19,63000	-14,72997
19,63500	-11,91828
19,64000	-9,08441
19,64500	-6,25698
19,65000	-3,52232
19,65500	-1,01806
19,66000	1,19136
19,66500	3,29808
19,67000	5,62608
19,67500	8,17444
19,68000	10,51856
19,68500	12,30729
19,69000	13,70984
19,69500	15,16560
19,70000	16,63592
19,70500	17,61383
19,71000	18,07226
19,71500	18,67834
19,72000	19,90984
19,72500	21,43384
19,73000	22,49130
19,73500	22,80150
19,74000	22,77996
19,74500	22,94627
19,75000	23,59874
19,75500	24,74160
19,76000	25,86800
19,76500	26,36729
19,77000	26,40550
19,77500	26,63515
19,78000	27,18798
19,78500	27,86061
19,79000	28,74397
19,79500	29,91777
19,80000	31,09535
19,80500	31,92343
19,81000	32,31124
19,81500	32,41521
19,82000	32,42679
19,82500	32,42013
19,83000	32,39722
19,83500	32,38928
19,84000	32,48330
19,84500	32,77381
19,85000	33,21000
19,85500	33,49852
19,86000	33,46892
19,86500	33,51326
19,87000	34,13098
19,87500	35,18370
19,88000	36,13133
19,88500	36,76597
19,89000	37,42318
19,89500	38,59066
19,90000	40,39344
19,90500	42,50987
19,91000	44,56870
19,91500	46,53325
19,92000	48,56837
19,92500	50,65053
19,93000	52,69682
19,93500	54,88942
19,94000	57,42330
19,94500	60,18517
19,95000	62,91757
19,95500	65,42914
19,96000	67,65421
19,96500	69,76160
19,97000	72,06262
19,97500	74,59046
19,98000	76,96163
19,98500	78,81923
19,99000	80,29662
19,99500	81,83413
20,00000	83,40856