0,00000	0,00000
0,00500	0,00000
0,01000	4,55243
0,01500	9,10104
0,02000	9,09445
0,02500	9,08677
0,03000	9,07802
0,03500	9,06823
0,04000	9,05741
0,04500	9,04560
0,05000	9,03283
0,05500	9,01912
0,06000	9,00450
0,06500	8,98899
0,07000	8,97263
0,07500	8,95543
0,08000	8,93743
0,08500	8,91866
0,09000	8,89914
0,09500	8,87890
0,10000	8,85797
0,10500	8,83637
0,11000	8,81414
0,11500	8,79131
0,12000	8,76791
0,12500	8,74395
0,13000	8,71947
0,13500	8,69447
0,14000	8,66898
0,14500	8,64302
0,15000	8,61658
0,15500	8,58968
0,16000	8,56235
0,16500	8,53467
0,17000	8,50671
0,17500	8,47855
0,18000	8,45019
0,18500	8,42157
0,19000	8,39260
0,19500	8,36327
0,20000	8,33361
0,20500	8,30368
0,21000	8,27352
0,21500	8,24311
0,22000	8,21238
0,22500	8,18118
0,23000	8,14942
0,23500	8,11705
0,24000	8,08405
0,24500	8,05026
0,25000	8,01543
0,25500	7,97970
0,26000	7,94381
0,26500	7,90823
0,27000	7,87287
0,27500	7,83786
0,28000	7,80369
0,28500	7,77099
0,29000	7,74069
0,29500	7,71390
0,30000	7,69108
0,30500	7,67161
0,31000	7,65447
0,31500	7,63848
0,32000	7,62207
0,32500	7,60391
0,33000	7,58387
0,33500	7,56309
0,34000	7,54301
0,34500	7,52286
0,35000	7,49774
0,35500	7,46083
0,36000	7,40894
0,36500	7,34239
0,37000	7,25991
0,37500	7,16165
0,38000	7,05413
0,38500	6,94443
0,39000	6,83576
0,39500	6,73221
0,40000	6,64183
0,40500	6,57516
0,41000	6,54509
0,41500	6,56310
0,42000	6,62727
0,42500	6,72100
0,43000	6,82776
0,43500	6,93191
0,44000	7,01086
0,44500	7,04548
0,45000	7,02990
0,45500	6,96685
0,46000	6,86438
0,46500	6,73410
0,47000	6,58436
0,47500	6,41472
0,48000	6,21938
0,48500	5,99277
0,49000	5,72869
0,49500	5,42166
0,50000	5,07162
0,50500	4,68632
0,51000	4,29531
0,51500	3,97257
0,52000	3,81233
0,52500	3,85489
0,53000	4,06792
0,53500	4,39899
0,54000	4,79711
0,54500	5,21338
0,55000	5,62604
0,55500	6,02284
0,56000	6,34893
0,56500	6,52274
0,57000	6,50205
0,57500	6,31910
0,58000	6,05000
0,58500	5,75403
0,59000	5,47622
0,59500	5,28435
0,60000	5,24097
0,60500	5,33754
0,61000	5,46123
0,61500	5,45099
0,62000	5,22411
0,62500	4,82031
0,63000	4,31654
0,63500	3,73924
0,64000	3,09212
0,64500	2,48103
0,65000	2,12998
0,65500	2,21246
0,66000	2,71132
0,66500	3,45032
0,67000	4,21677
0,67500	4,84626
0,68000	5,25677
0,68500	5,48182
0,69000	5,66902
0,69500	5,98502
0,70000	6,47242
0,70500	6,98272
0,71000	7,28432
0,71500	7,26766
0,72000	7,00164
0,72500	6,59523
0,73000	6,05152
0,73500	5,25357
0,74000	4,07965
0,74500	2,47306
0,75000	0,43645
0,75500	-1,88916
0,76000	-4,18917
0,76500	-6,13166
0,77000	-7,51156
0,77500	-8,28053
0,78000	-8,50394
0,78500	-8,24047
0,79000	-7,44903
0,79500	-6,03083
0,80000	-3,99686
0,80500	-1,54335
0,81000	1,07286
0,81500	3,59885
0,82000	5,70503
0,82500	6,92991
0,83000	6,94337
0,83500	6,08707
0,84000	5,23519
0,84500	4,86789
0,85000	4,65172
0,85500	3,88999
0,86000	2,15818
0,86500	-0,52214
0,87000	-3,98685
0,87500	-8,05472
0,88000	-12,25402
0,88500	-15,47045
0,89000	-16,35869
0,89500	-14,66997
0,90000	-11,44668
0,90500	-7,72397
0,91000	-4,03125
0,91500	-0,73925
0,92000	1,92548
0,92500	3,98934
0,93000	5,70702
0,93500	7,24872
0,94000	8,25969
0,94500	7,94523
0,95000	5,66954
0,95500	1,51825
0,96000	-3,74849
0,96500	-9,27732
0,97000	-14,44904
0,97500	-18,91240
0,98000	-22,59414
0,98500	-25,58765
0,99000	-28,04974
0,99500	-30,08330
1,00000	-31,56392
1,00500	-32,13242
1,01000	-31,29916
1,01500	-28,58242
1,02000	-23,90466
1,02500	-18,05439
1,03000	-12,26856
1,03500	-7,24406
1,04000	-3,22159
1,04500	-0,55893
1,05000	0,60913
1,05500	0,62867
1,06000	-0,10301
1,06500	-1,32296
1,07000	-2,84462
1,07500	-4,67550
1,08000	-7,03495
1,08500	-10,14213
1,09000	-14,09349
1,09500	-18,80621
1,10000	-23,71286
1,10500	-27,68808
1,11000	-29,64162
1,11500	-29,10912
1,12000	-26,35165
1,12500	-21,91786
1,13000	-16,17183
1,13500	-9,67146
1,14000	-3,43811
1,14500	1,79715
1,15000	5,92858
1,15500	8,99175
1,16000	10,99268
1,16500	12,01694
1,17000	12,26357
1,17500	12,20805
1,18000	12,64486
1,18500	14,08589
1,19000	16,28622
1,19500	18,92962
1,20000	21,80094
1,20500	23,49046
1,21000	21,77013
1,21500	15,96654
1,22000	7,15363
1,22500	-3,64529
1,23000	-15,81471
1,23500	-28,52008
1,24000	-40,68728
1,24500	-51,23822
1,25000	-59,22891
1,25500	-63,80887
1,26000	-64,46758
1,26500	-61,92141
1,27000	-57,84782
1,27500	-53,32010
1,28000	-48,64767
1,28500	-44,32237
1,29000	-41,14559
1,29500	-39,64404
1,30000	-39,48811
1,30500	-39,80234
1,31000	-39,97032
1,31500	-39,42992
1,32000	-37,38707
1,32500	-33,57508
1,33000	-28,34623
1,33500	-21,85337
1,34000	-14,28272
1,34500	-6,54379
1,35000	0,10663
1,35500	4,84450
1,36000	7,55207
1,36500	8,35148
1,37000	7,07585
1,37500	3,70480
1,38000	-1,02678
1,38500	-5,78999
1,39000	-9,20682
1,39500	-10,44652
1,40000	-9,54443
1,40500	-2,55534
1,41000	3,86760
1,41500	3,04471
1,42000	-0,73268
1,42500	-6,59048
1,43000	-13,25519
1,43500	-19,73809
1,44000	-25,58829
1,44500	-30,87327
1,45000	-35,00458
1,45500	-35,62743
1,46000	-30,03892
1,46500	-18,12827
1,47000	-3,46755
1,47500	9,44263
1,48000	19,35252
1,48500	27,94864
1,49000	36,01593
1,49500	42,39056
1,50000	45,40815
1,50500	43,88322
1,51000	37,87948
1,51500	29,25721
1,52000	20,58299
1,52500	13,31471
1,53000	8,07982
1,53500	5,83561
1,54000	7,26329
1,54500	11,70237
1,55000	17,37270
1,55500	22,68251
1,56000	27,48520
1,56500	32,85867
1,57000	39,41270
1,57500	45,70484
1,58000	48,53552
1,58500	45,86929
1,59000	40,00734
1,59500	35,20285
1,60000	31,13134
1,60500	23,79422
1,61000	12,70450
1,61500	1,29894
1,62000	-7,78665
1,62500	-13,87151
1,63000	-16,92473
1,63500	-17,24929
1,64000	-15,85279
1,64500	-14,18371
1,65000	-13,27591
1,65500	-13,28474
1,66000	-13,48878
1,66500	-12,35586
1,67000	-8,41535
1,67500	-2,05091
1,68000	4,69720
1,68500	10,87348
1,69000	17,27956
1,69500	24,40556
1,70000	31,68808
1,70500	38,29648
1,71000	43,39587
1,71500	46,10163
1,72000	45,89185
1,72500	43,08012
1,73000	38,62736
1,73500	33,44375
1,74000	27,86628
1,74500	21,77396
1,75000	15,21983
1,75500	8,75112
1,76000	2,93008
1,76500	-2,19990
1,77000	-6,92199
1,77500	-11,11824
1,78000	-13,91224
1,78500	-14,37127
1,79000	-12,51286
1,79500	-9,40493
1,80000	-6,04610
1,80500	-2,25138
1,81000	2,62578
1,81500	8,28349
1,82000	13,65358
1,82500	17,90661
1,83000	20,68869
1,83500	21,50640
1,84000	19,76280
1,84500	16,38555
1,85000	13,99986
1,85500	14,23968
1,86000	16,76500
1,86500	20,90815
1,87000	25,85289
1,87500	29,69929
1,88000	30,06239
1,88500	26,00702
1,89000	19,33629
1,89500	12,78911
1,90000	7,22993
1,90500	2,36326
1,91000	-1,43341
1,91500	-3,87222
1,92000	-5,90375
1,92500	-9,31863
1,93000	-15,68502
1,93500	-25,06759
1,94000	-35,24067
1,94500	-43,40456
1,95000	-48,46553
1,95500	-49,12116
1,96000	-42,11453
1,96500	-26,38714
1,97000	-5,74580
1,97500	14,75924
1,98000	32,43896
1,98500	47,04677
1,99000	58,51506
1,99500	65,95031
2,00000	69,88480
2,00500	72,73406
2,01000	75,68704
2,01500	77,09081
2,02000	74,41563
2,02500	67,23480
2,03000	56,78087
2,03500	43,23043
2,04000	26,83967
2,04500	10,05106
2,05000	-4,74283
2,05500	-17,08616
2,06000	-26,82860
2,06500	-33,10173
2,07000	-35,19021
2,07500	-32,95578
2,08000	-26,62180
2,08500	-16,99128
2,09000	-5,24689
2,09500	7,92404
2,10000	22,09815
2,10500	36,05944
2,11000	47,32909
2,11500	52,64721
2,12000	49,87157
2,12500	40,17447
2,13000	27,74538
2,13500	16,71938
2,14000	8,54335
2,14500	2,15893
2,15000	-3,57102
2,15500	-7,88162
2,16000	-8,93360
2,16500	-6,24314
2,17000	-2,13878
2,17500	-0,61735
2,18000	-4,05543
2,18500	-11,12212
2,19000	-18,16797
2,19500	-22,41411
2,20000	-22,77234
2,20500	-18,42639
2,21000	-9,49137
2,21500	1,81094
2,22000	13,07696
2,22500	23,60187
2,23000	33,19886
2,23500	40,48759
2,24000	43,27786
2,24500	40,41755
2,25000	32,76180
2,25500	22,42248
2,26000	11,28209
2,26500	0,05644
2,27000	-10,98864
2,27500	-20,98373
2,28000	-28,82813
2,28500	-34,08732
2,29000	-37,26195
2,29500	-39,02381
2,30000	-39,27678
2,30500	-37,70610
2,31000	-35,08711
2,31500	-33,41703
2,32000	-34,23529
2,32500	-36,87980
2,33000	-39,38124
2,33500	-40,66934
2,34000	-40,96531
2,34500	-40,53988
2,35000	-38,96660
2,35500	-36,03680
2,36000	-32,59762
2,36500	-29,65793
2,37000	-27,62830
2,37500	-26,93710
2,38000	-28,49660
2,38500	-32,88300
2,39000	-39,05733
2,39500	-45,17390
2,40000	-51,07302
2,40500	-57,79324
2,41000	-64,88441
2,41500	-70,90557
2,42000	-75,76494
2,42500	-80,86133
2,43000	-87,70105
2,43500	-96,60471
2,44000	-106,07868
2,44500	-113,87850
2,45000	-119,29940
2,45500	-123,38489
2,46000	-126,73218
2,46500	-129,06482
2,47000	-130,78153
2,47500	-133,18529
2,48000	-137,09901
2,48500	-141,73650
2,49000	-145,52312
2,49500	-147,90572
2,50000	-149,34815
2,50500	-150,20618
2,51000	-150,62744
2,51500	-150,73579
2,52000	-150,38265
2,52500	-149,23480
2,53000	-147,18222
2,53500	-144,47398
2,54000	-141,56996
2,54500	-139,01843
2,55000	-137,51604
2,55500	-137,80103
2,56000	-140,19798
2,56500	-144,39426
2,57000	-149,70868
2,57500	-155,59943
2,58000	-161,84479
2,58500	-167,89696
2,59000	-172,75794
2,59500	-176,24085
2,60000	-179,26958
2,60500	-182,45772
2,61000	-185,36850
2,61500	-187,06775
2,62000	-186,81775
2,62500	-184,58455
2,63000	-181,21878
2,63500	-177,67198
2,64000	-174,10991
2,64500	-170,72932
2,65000	-168,63927
2,65500	-168,82095
2,66000	-171,35742
2,66500	-176,17639
2,67000	-183,61462
2,67500	-193,63725
2,68000	-204,40904
2,68500	-213,59837
2,69000	-221,96632
2,69500	-232,41780
2,70000	-245,58626
2,70500	-259,81329
2,71000	-273,98111
2,71500	-287,86444
2,72000	-301,13699
2,72500	-313,13944
2,73000	-323,07684
2,73500	-330,56470
2,74000	-336,40164
2,74500	-341,94244
2,75000	-347,22730
2,75500	-350,76425
2,76000	-351,13434
2,76500	-347,90143
2,77000	-341,17261
2,77500	-330,86197
2,78000	-316,20102
2,78500	-295,90103
2,79000	-269,20477
2,79500	-236,92122
2,80000	-201,81039
2,80500	-167,68228
2,81000	-137,22211
2,81500	-110,57527
2,82000	-85,80708
2,82500	-60,72536
2,83000	-34,66700
2,83500	-8,56125
2,84000	16,70536
2,84500	41,62805
2,85000	67,29057
2,85500	93,66311
2,86000	119,34604
2,86500	142,92098
2,87000	164,31334
2,87500	184,23488
2,88000	202,81905
2,88500	219,84137
2,89000	234,95201
2,89500	247,12891
2,90000	255,99959
2,90500	263,39090
2,91000	270,99930
2,91500	277,68784
2,92000	281,17352
2,92500	280,50482
2,93000	276,17960
2,93500	269,60989
2,94000	262,32401
2,94500	254,90840
2,95000	247,11580
2,95500	239,10158
2,96000	231,77048
2,96500	225,79924
2,97000	220,98662
2,97500	216,57021
2,98000	211,86870
2,98500	206,61824
2,99000	200,85220
2,99500	194,61098
3,00000	188,10808
3,00500	182,42278
3,01000	179,08519
3,01500	178,23554
3,02000	178,14690
3,02500	177,04367
3,03000	174,97357
3,03500	173,75082
3,04000	175,04923
3,04500	178,98535
3,05000	184,42972
3,05500	190,01094
3,06000	194,80634
3,06500	198,21210
3,07000	199,75824
3,07500	199,57210
3,08000	198,43153
3,08500	197,23434
3,09000	196,88887
3,09500	197,94875
3,10000	199,68144
3,10500	200,60747
3,11000	200,13982
3,11500	198,50475
3,12000	195,77138
3,12500	192,05365
3,13000	187,62114
3,13500	182,39825
3,14000	176,34291
3,14500	169,92479
3,15000	163,45892
3,15500	156,95500
3,16000	151,08702
3,16500	147,11476
3,17000	145,73616
3,17500	146,93433
3,18000	150,50981
3,18500	155,96298
3,19000	162,48331
3,19500	169,49773
3,20000	176,64386
3,20500	183,23752
3,21000	188,06001
3,21500	189,64450
3,22000	187,19180
3,22500	181,37225
3,23000	173,62163
3,23500	164,35323
3,24000	152,70961
3,24500	138,41182
3,25000	122,35957
3,25500	105,12470
3,26000	86,16866
3,26500	64,74760
3,27000	41,20795
3,27500	16,63393
3,28000	-8,59235
3,28500	-34,42765
3,29000	-60,33590
3,29500	-86,35654
3,30000	-113,88848
3,30500	-144,19572
3,31000	-176,05544
3,31500	-205,63507
3,32000	-229,84874
3,32500	-249,76518
3,33000	-269,68213
3,33500	-291,23712
3,34000	-310,86743
3,34500	-327,77808
3,35000	-346,63977
3,35500	-366,38199
3,36000	-380,48041
3,36500	-390,99204
3,37000	-406,47052
3,37500	-428,64591
3,38000	-451,73035
3,38500	-469,58954
3,39000	-478,19223
3,39500	-472,73126
3,40000	-447,95544
3,40500	-405,93256
3,41000	-356,12286
3,41500	-304,01132
3,42000	-249,16657
3,42500	-192,76648
3,43000	-136,93803
3,43500	-80,64771
3,44000	-22,00972
3,44500	40,64632
3,45000	109,60297
3,45500	181,18350
3,46000	243,24992
3,46500	288,10855
3,47000	319,52307
3,47500	343,26804
3,48000	360,62891
3,48500	370,92130
3,49000	374,41473
3,49500	372,73520
3,50000	367,82431
3,50500	360,82550
3,51000	351,36685
3,51500	337,71909
3,52000	317,79398
3,52500	290,50528
3,53000	256,82745
3,53500	219,94278
3,54000	184,32234
3,54500	153,56543
3,55000	128,67687
3,55500	108,66277
3,56000	92,22602
3,56500	78,94041
3,57000	69,67504
3,57500	66,12161
3,58000	69,84945
3,58500	81,04967
3,59000	97,35659
3,59500	114,25696
3,60000	127,28778
3,60500	134,20233
3,61000	135,18036
3,61500	131,65202
3,62000	125,59930
3,62500	119,13648
3,63000	113,73077
3,63500	110,05107
3,64000	108,35171
3,64500	108,33461
3,65000	109,20525
3,65500	110,28002
3,66000	111,19964
3,66500	111,94811
3,67000	112,97546
3,67500	114,54403
3,68000	116,00217
3,68500	116,74899
3,69000	117,40191
3,69500	119,07598
3,70000	122,36228
3,70500	127,41575
3,71000	134,26253
3,71500	142,63513
3,72000	151,48763
3,72500	159,30470
3,73000	165,48537
3,73500	170,99699
3,74000	177,40096
3,74500	185,32242
3,75000	194,00052
3,75500	202,32874
3,76000	209,68002
3,76500	215,76474
3,77000	220,52942
3,77500	224,26218
3,78000	227,51030
3,78500	230,78264
3,79000	234,13580
3,79500	236,83046
3,80000	237,47324
3,80500	234,73206
3,81000	227,85246
3,81500	216,72110
3,82000	201,71324
3,82500	183,48566
3,83000	163,07744
3,83500	141,90651
3,84000	121,49403
3,84500	103,29796
3,85000	88,34972
3,85500	76,87893
3,86000	68,46545
3,86500	62,44256
3,87000	58,14392
3,87500	54,86028
3,88000	51,77733
3,88500	48,19844
3,89000	43,66850
3,89500	37,98503
3,90000	31,29606
3,90500	23,66821
3,91000	14,74304
3,91500	4,75371
3,92000	-4,95613
3,92500	-13,42847
3,93000	-20,96909
3,93500	-28,22249
3,94000	-35,46577
3,94500	-42,71378
3,95000	-49,93438
3,95500	-57,14225
3,96000	-64,32539
3,96500	-71,32908
3,97000	-77,92932
3,97500	-84,05833
3,98000	-89,72058
3,98500	-94,65855
3,99000	-98,61015
3,99500	-101,84695
4,00000	-104,76508
4,00500	-107,10659
4,01000	-108,10120
4,01500	-107,03825
4,02000	-103,40845
4,02500	-96,54732
4,03000	-85,69135
4,03500	-71,11834
4,04000	-54,41295
4,04500	-36,92323
4,05000	-18,45841
4,05500	2,58108
4,06000	27,76785
4,06500	56,71513
4,07000	86,09337
4,07500	111,29903
4,08000	129,88078
4,08500	142,53578
4,09000	151,06322
4,09500	156,60190
4,10000	159,74645
4,10500	161,44664
4,11000	162,48438
4,11500	162,29218
4,12000	159,72012
4,12500	154,33504
4,13000	146,33942
4,13500	136,22229
4,14000	124,74410
4,14500	112,80037
4,15000	100,86376
4,15500	88,51577
4,16000	75,18964
4,16500	61,40479
4,17000	48,56864
4,17500	37,72531
4,18000	29,01540
4,18500	22,21659
4,19000	17,35840
4,19500	14,60000
4,20000	13,94066
4,20500	15,39305
4,21000	19,03017
4,21500	24,52808
4,22000	31,21351
4,22500	38,72533
4,23000	46,94076
4,23500	55,47276
4,24000	63,69515
4,24500	70,99654
4,25000	77,11556
4,25500	82,51104
4,26000	88,03370
4,26500	93,74678
4,27000	98,31805
4,27500	99,99635
4,28000	98,18578
4,28500	93,84227
4,29000	88,11025
4,29500	81,23367
4,30000	73,27055
4,30500	64,59464
4,31000	55,36093
4,31500	45,74954
4,32000	36,57819
4,32500	28,89472
4,33000	23,18604
4,33500	19,06280
4,34000	15,66401
4,34500	12,44808
4,35000	9,49708
4,35500	7,28156
4,36000	6,41572
4,36500	7,59049
4,37000	11,29788
4,37500	17,17690
4,38000	24,19179
4,38500	31,72354
4,39000	39,57999
4,39500	47,07382
4,40000	53,07643
4,40500	56,79477
4,41000	58,02233
4,41500	56,78705
4,42000	53,09143
4,42500	47,04131
4,43000	38,94207
4,43500	29,29131
4,44000	18,76361
4,44500	8,07240
4,45000	-2,31254
4,45500	-12,35319
4,46000	-22,10015
4,46500	-31,39383
4,47000	-40,21986
4,47500	-48,78712
4,48000	-57,07472
4,48500	-64,75442
4,49000	-71,29115
4,49500	-75,82632
4,50000	-77,66072
4,50500	-77,39999
4,51000	-77,11121
4,51500	-78,84088
4,52000	-82,99448
4,52500	-88,11641
4,53000	-91,98176
4,53500	-92,88204
4,54000	-90,52948
4,54500	-86,18835
4,55000	-81,61859
4,55500	-77,73817
4,56000	-74,53629
4,56500	-71,99843
4,57000	-70,60494
4,57500	-70,95087
4,58000	-73,10191
4,58500	-76,87473
4,59000	-82,70994
4,59500	-91,35179
4,60000	-102,88696
4,60500	-116,81780
4,61000	-132,80348
4,61500	-150,80183
4,62000	-170,58904
4,62500	-191,82141
4,63000	-214,76189
4,63500	-239,73836
4,64000	-265,14365
4,64500	-287,65183
4,65000	-305,23706
4,65500	-318,66144
4,66000	-329,95367
4,66500	-340,36462
4,67000	-349,86719
4,67500	-357,99606
4,68000	-364,48895
4,68500	-369,10580
4,69000	-371,25592
4,69500	-370,08786
4,70000	-365,23392
4,70500	-357,47998
4,71000	-348,08481
4,71500	-337,25806
4,72000	-324,11200
4,72500	-308,12286
4,73000	-289,31256
4,73500	-267,56390
4,74000	-243,47003
4,74500	-218,48195
4,75000	-193,18959
4,75500	-167,29717
4,76000	-140,94595
4,76500	-114,18646
4,77000	-86,25524
4,77500	-56,85413
4,78000	-27,28559
4,78500	0,26931
4,79000	24,07733
4,79500	43,39789
4,80000	58,24960
4,80500	68,91950
4,81000	75,48803
4,81500	77,31914
4,82000	73,27472
4,82500	63,47128
4,83000	50,01062
4,83500	35,40503
4,84000	21,48758
4,84500	9,29384
4,85000	-0,89917
4,85500	-8,96834
4,86000	-14,57889
4,86500	-17,87220
4,87000	-19,89825
4,87500	-21,68744
4,88000	-23,27771
4,88500	-24,00411
4,89000	-23,38823
4,89500	-21,52699
4,90000	-18,73330
4,90500	-15,10634
4,91000	-10,69055
4,91500	-5,73252
4,92000	-0,38656
4,92500	5,84568
4,93000	13,97348
4,93500	24,41591
4,94000	36,53120
4,94500	49,29284
4,95000	61,71370
4,95500	73,04801
4,96000	83,21775
4,96500	92,63363
4,97000	101,39294
4,97500	108,77700
4,98000	113,48484
4,98500	114,44301
4,99000	111,40484
4,99500	105,03423
5,00000	96,59393
5,00500	87,10248
5,01000	76,72403
5,01500	65,24603
5,02000	53,01274
5,02500	40,79148
5,03000	28,98986
5,03500	18,06880
5,04000	9,06050
5,04500	2,64096
5,05000	-1,53048
5,05500	-4,27455
5,06000	-6,36202
5,06500	-8,21332
5,07000	-9,66195
5,07500	-10,04587
5,08000	-8,60407
5,08500	-4,93934
5,09000	0,79848
5,09500	8,00444
5,10000	15,74524
5,10500	23,00256
5,11000	29,20951
5,11500	34,66676
5,12000	40,33969
5,12500	47,60187
5,13000	57,95972
5,13500	71,82782
5,14000	87,46858
5,14500	101,90485
5,15000	112,92380
5,15500	120,30955
5,16000	125,37832
5,16500	129,25502
5,17000	131,50459
5,17500	130,60111
5,18000	125,95965
5,18500	118,52646
5,19000	109,34927
5,19500	99,01317
5,20000	87,75093
5,20500	75,14344
5,21000	60,69745
5,21500	45,04856
5,22000	29,84531
5,22500	16,31062
5,23000	4,29124
5,23500	-7,07012
5,24000	-18,12282
5,24500	-28,87144
5,25000	-39,73354
5,25500	-51,25701
5,26000	-63,66582
5,26500	-77,05431
5,27000	-91,52983
5,27500	-106,82240
5,28000	-121,65199
5,28500	-133,97997
5,29000	-142,37264
5,29500	-146,61897
5,30000	-147,41119
5,30500	-146,46823
5,31000	-145,96182
5,31500	-146,75804
5,32000	-147,87445
5,32500	-147,63907
5,33000	-144,77295
5,33500	-138,90511
5,34000	-130,72527
5,34500	-121,19550
5,35000	-110,49332
5,35500	-98,30692
5,36000	-84,64804
5,36500	-69,90694
5,37000	-54,84730
5,37500	-40,68304
5,38000	-28,45221
5,38500	-18,19550
5,39000	-9,09859
5,39500	-0,32530
5,40000	8,55145
5,40500	17,76907
5,41000	27,40907
5,41500	36,80327
5,42000	44,49339
5,42500	49,18879
5,43000	50,08547
5,43500	46,67978
5,44000	39,52654
5,44500	30,54331
5,45000	21,88797
5,45500	15,03196
5,46000	10,75270
5,46500	9,67028
5,47000	12,14854
5,47500	16,91314
5,48000	20,92042
5,48500	21,55069
5,49000	18,31904
5,49500	12,82675
5,50000	7,71203
5,50500	4,89857
5,51000	4,10230
5,51500	3,24614
5,52000	0,41761
5,52500	-4,54799
5,53000	-9,64154
5,53500	-11,45675
5,54000	-7,19828
5,54500	3,03713
5,55000	15,73947
5,55500	26,60263
5,56000	34,06175
5,56500	39,29574
5,57000	43,46828
5,57500	46,61006
5,58000	48,35461
5,58500	48,64627
5,59000	47,58452
5,59500	44,83340
5,60000	39,83012
5,60500	32,30055
5,61000	22,11009
5,61500	8,73273
5,62000	-8,61100
5,62500	-29,64327
5,63000	-52,40960
5,63500	-74,43756
5,64000	-93,80124
5,64500	-108,99507
5,65000	-118,24857
5,65500	-119,88420
5,66000	-114,26786
5,66500	-104,06968
5,67000	-92,08573
5,67500	-80,20283
5,68000	-69,56387
5,68500	-60,42106
5,69000	-52,47941
5,69500	-45,71982
5,70000	-40,54569
5,70500	-37,22812
5,71000	-35,50281
5,71500	-34,57525
5,72000	-33,34244
5,72500	-31,06135
5,73000	-28,15616
5,73500	-25,97644
5,74000	-25,46707
5,74500	-26,15845
5,75000	-26,84090
5,75500	-26,99314
5,76000	-26,56990
5,76500	-25,06012
5,77000	-21,92800
5,77500	-17,33964
5,78000	-11,97023
5,78500	-6,39541
5,79000	-0,63964
5,79500	5,62589
5,80000	12,28357
5,80500	18,24832
5,81000	21,99324
5,81500	22,61108
5,82000	20,09245
5,82500	14,80936
5,83000	7,32322
5,83500	-1,45176
5,84000	-10,50548
5,84500	-19,27961
5,85000	-27,76856
5,85500	-36,07376
5,86000	-44,18018
5,86500	-51,98036
5,87000	-58,71767
5,87500	-62,77999
5,88000	-62,97674
5,88500	-59,67401
5,89000	-54,52843
5,89500	-49,47525
5,90000	-45,58328
5,90500	-42,62605
5,91000	-39,74175
5,91500	-36,26534
5,92000	-31,94095
5,92500	-26,81726
5,93000	-21,32585
5,93500	-16,25358
5,94000	-12,54666
5,94500	-11,38365
5,95000	-13,74154
5,95500	-19,01858
5,96000	-25,19504
5,96500	-30,95585
5,97000	-36,12357
5,97500	-40,37776
5,98000	-43,37215
5,98500	-45,75634
5,99000	-49,08381
5,99500	-54,45419
6,00000	-61,39870
6,00500	-68,71451
6,01000	-75,87830
6,01500	-82,76921
6,02000	-88,82304
6,02500	-93,20280
6,03000	-95,42335
6,03500	-95,59227
6,04000	-94,25425
6,04500	-92,15481
6,05000	-90,08573
6,05500	-88,67212
6,06000	-88,01018
6,06500	-87,54468
6,07000	-86,51966
6,07500	-84,62106
6,08000	-82,09889
6,08500	-79,37293
6,09000	-76,68278
6,09500	-73,93411
6,10000	-70,70198
6,10500	-66,43990
6,11000	-60,90919
6,11500	-54,56616
6,12000	-48,16970
6,12500	-41,88284
6,13000	-35,43962
6,13500	-28,97202
6,14000	-22,68696
6,14500	-16,27499
6,15000	-9,33809
6,15500	-1,54620
6,16000	7,58566
6,16500	17,89839
6,17000	28,15079
6,17500	37,12431
6,18000	43,88492
6,18500	47,22923
6,19000	46,92558
6,19500	44,65414
6,20000	42,13207
6,20500	39,49241
6,21000	36,07966
6,21500	31,74550
6,22000	27,33497
6,22500	24,50606
6,23000	24,71767
6,23500	28,01716
6,24000	33,45946
6,24500	40,37627
6,25000	48,11101
6,25500	55,48337
6,26000	61,59036
6,26500	66,51593
6,27000	71,13248
6,27500	76,47220
6,28000	82,78233
6,28500	88,83063
6,29000	92,56429
6,29500	92,61552
6,30000	88,78396
6,30500	81,37027
6,31000	70,78834
6,31500	57,60271
6,32000	42,56587
6,32500	26,77627
6,33000	11,08064
6,33500	-5,01040
6,34000	-22,37392
6,34500	-40,22944
6,35000	-56,44948
6,35500	-69,26854
6,36000	-77,80890
6,36500	-81,82401
6,37000	-81,78749
6,37500	-79,06316
6,38000	-75,30951
6,38500	-71,65227
6,39000	-68,58598
6,39500	-66,26226
6,40000	-64,65559
6,40500	-63,55007
6,41000	-62,58893
6,41500	-61,91293
6,42000	-62,66336
6,42500	-65,86536
6,43000	-70,97549
6,43500	-76,20813
6,44000	-79,69705
6,44500	-80,17992
6,45000	-77,40659
6,45500	-72,19530
6,46000	-65,81900
6,46500	-59,07980
6,47000	-51,86709
6,47500	-43,45705
6,48000	-33,12330
6,48500	-20,56136
6,49000	-5,72078
6,49500	11,48189
6,50000	30,65419
6,50500	50,17556
6,51000	67,12167
6,51500	77,90374
6,52000	79,82475
6,52500	73,09683
6,53000	61,31980
6,53500	48,89959
6,54000	37,41956
6,54500	25,13395
6,55000	10,30380
6,55500	-5,86977
6,56000	-20,49458
6,56500	-31,95244
6,57000	-40,40951
6,57500	-46,30267
6,58000	-49,21026
6,58500	-48,12905
6,59000	-42,70820
6,59500	-34,38969
6,60000	-25,55275
6,60500	-17,20863
6,61000	-8,88265
6,61500	-0,19206
6,62000	8,72769
6,62500	17,45727
6,63000	25,26852
6,63500	31,32921
6,64000	35,30478
6,64500	37,74773
6,65000	39,47535
6,65500	40,46496
6,66000	39,84094
6,66500	36,81410
6,67000	31,18829
6,67500	23,35504
6,68000	14,24659
6,68500	4,69566
6,69000	-5,10599
6,69500	-14,28867
6,70000	-20,25946
6,70500	-20,50666
6,71000	-14,84325
6,71500	-6,07235
6,72000	0,67691
6,72500	1,11158
6,73000	-3,46644
6,73500	-5,08800
6,74000	5,43438
6,74500	30,27587
6,75000	61,63253
6,75500	88,15071
6,76000	103,80641
6,76500	110,93611
6,77000	116,48266
6,77500	126,40930
6,78000	143,48912
6,78500	165,44711
6,79000	183,27065
6,79500	188,95618
6,80000	185,78993
6,80500	183,60140
6,81000	186,80794
6,81500	192,32355
6,82000	195,62811
6,82500	195,81821
6,83000	194,95479
6,83500	194,52574
6,84000	194,08705
6,84500	192,24760
6,85000	188,06862
6,85500	181,46645
6,86000	172,76044
6,86500	162,59746
6,87000	152,22318
6,87500	143,19249
6,88000	136,22104
6,88500	130,42152
6,89000	124,17005
6,89500	116,33284
6,90000	106,47891
6,90500	94,59339
6,91000	80,81040
6,91500	65,16912
6,92000	47,52353
6,92500	27,98296
6,93000	7,63145
6,93500	-11,60006
6,94000	-28,00303
6,94500	-40,66208
6,95000	-49,08745
6,95500	-53,02124
6,96000	-52,91361
6,96500	-50,27399
6,97000	-46,96146
6,97500	-43,88703
6,98000	-40,24062
6,98500	-33,97484
6,99000	-23,78050
6,99500	-10,64746
7,00000	2,74593
7,00500	13,60222
7,01000	20,68469
7,01500	25,96026
7,02000	32,94192
7,02500	41,05693
7,03000	44,65811
7,03500	39,88710
7,04000	29,03408
7,04500	17,32379
7,05000	7,86602
7,05500	0,59618
7,06000	-4,74273
7,06500	-7,13416
7,07000	-6,32405
7,07500	-4,48001
7,08000	-4,73564
7,08500	-8,10570
7,09000	-13,05830
7,09500	-17,87138
7,10000	-21,84207
7,10500	-25,03896
7,11000	-28,16986
7,11500	-32,33461
7,12000	-38,36323
7,12500	-46,08862
7,13000	-54,15721
7,13500	-60,58246
7,14000	-63,54630
7,14500	-62,32373
7,15000	-58,21929
7,15500	-54,22155
7,16000	-52,81233
7,16500	-54,17448
7,17000	-56,63537
7,17500	-58,14169
7,18000	-57,27933
7,18500	-53,53586
7,19000	-47,19401
7,19500	-39,29183
7,20000	-31,21776
7,20500	-23,90330
7,21000	-17,43490
7,21500	-11,40136
7,22000	-5,72655
7,22500	-1,13340
7,23000	1,58976
7,23500	2,93057
7,24000	5,08339
7,24500	10,58666
7,25000	19,83496
7,25500	29,55948
7,26000	34,95501
7,26500	33,99751
7,27000	28,47971
7,27500	21,75630
7,28000	17,15790
7,28500	17,02669
7,29000	21,51957
7,29500	28,79423
7,30000	36,43606
7,30500	42,02231
7,31000	43,48568
7,31500	40,47895
7,32000	34,83271
7,32500	28,94452
7,33000	23,71708
7,33500	18,33343
7,34000	12,12829
7,34500	5,23441
7,35000	-2,57318
7,35500	-11,25243
7,36000	-19,21998
7,36500	-24,47874
7,37000	-26,08011
7,37500	-24,28896
7,38000	-20,74156
7,38500	-18,11097
7,39000	-18,47722
7,39500	-21,98643
7,40000	-27,02529
7,40500	-31,46958
7,41000	-33,91217
7,41500	-33,77159
7,42000	-31,04672
7,42500	-26,65108
7,43000	-21,76053
7,43500	-16,50317
7,44000	-10,66749
7,44500	-4,92231
7,45000	0,03623
7,45500	4,15594
7,46000	7,17379
7,46500	8,58951
7,47000	8,45566
7,47500	6,99852
7,48000	3,93941
7,48500	-0,90305
7,49000	-6,80281
7,49500	-12,42685
7,50000	-16,88908
7,50500	-20,49909
7,51000	-24,38977
7,51500	-29,26482
7,52000	-34,48546
7,52500	-38,60400
7,53000	-40,84108
7,53500	-41,83370
7,54000	-42,78142
7,54500	-44,00934
7,55000	-44,90414
7,55500	-44,74072
7,56000	-42,55130
7,56500	-37,18059
7,57000	-28,66019
7,57500	-18,37059
7,58000	-7,39653
7,58500	4,09447
7,59000	16,04020
7,59500	27,72143
7,60000	38,09574
7,60500	46,84567
7,61000	54,01127
7,61500	58,87441
7,62000	60,51959
7,62500	59,02134
7,63000	55,53434
7,63500	51,30434
7,64000	46,67785
7,64500	41,60810
7,65000	36,54707
7,65500	32,15927
7,66000	29,07417
7,66500	28,04915
7,67000	29,44007
7,67500	32,66542
7,68000	36,73659
7,68500	40,89879
7,69000	44,43383
7,69500	46,34378
7,70000	45,67574
7,70500	42,09187
7,71000	36,04165
7,71500	28,47203
7,72000	19,97295
7,72500	10,08304
7,73000	-1,84102
7,73500	-15,30142
7,74000	-28,75000
7,74500	-40,58455
7,75000	-49,76939
7,75500	-55,42703
7,76000	-56,82114
7,76500	-55,10010
7,77000	-53,61657
7,77500	-54,82484
7,78000	-57,58721
7,78500	-58,09090
7,79000	-53,65400
7,79500	-45,15879
7,80000	-35,06067
7,80500	-24,98906
7,81000	-16,04837
7,81500	-8,91485
7,82000	-3,08065
7,82500	2,52261
7,83000	8,50543
7,83500	15,25969
7,84000	23,09038
7,84500	31,56085
7,85000	39,45942
7,85500	45,79932
7,86000	50,70903
7,86500	54,91502
7,87000	58,49739
7,87500	60,96263
7,88000	62,05109
7,88500	61,58514
7,89000	59,32789
7,89500	55,66869
7,90000	51,44228
7,90500	46,81949
7,91000	41,36321
7,91500	34,91192
7,92000	27,84779
7,92500	20,89569
7,93000	14,78863
7,93500	9,89583
7,94000	6,11019
7,94500	3,16937
7,95000	0,99320
7,95500	-0,40331
7,96000	-1,02388
7,96500	-0,69312
7,97000	1,08185
7,97500	4,65403
7,98000	9,42092
7,98500	14,19778
7,99000	18,54380
7,99500	22,63812
8,00000	26,22405
8,00500	28,67039
8,01000	29,73618
8,01500	30,01928
8,02000	30,65069
8,02500	32,22617
8,03000	33,92614
8,03500	34,16784
8,04000	32,51627
8,04500	30,25205
8,05000	28,93596
8,05500	29,11151
8,06000	29,79841
8,06500	28,69183
8,07000	24,01544
8,07500	16,69485
8,08000	9,13759
8,08500	2,18846
8,09000	-4,74353
8,09500	-11,75917
8,10000	-18,21496
8,10500	-23,54367
8,11000	-27,70662
8,11500	-30,77235
8,12000	-32,31787
8,12500	-31,71401
8,13000	-28,88316
8,13500	-24,76862
8,14000	-21,18713
8,14500	-19,84192
8,15000	-21,17310
8,15500	-24,11064
8,16000	-26,78452
8,16500	-27,68439
8,17000	-26,58705
8,17500	-24,27873
8,18000	-21,51310
8,18500	-18,66546
8,19000	-16,18940
8,19500	-14,87301
8,20000	-15,27575
8,20500	-17,17626
8,21000	-19,98384
8,21500	-23,28392
8,22000	-26,79804
8,22500	-30,52719
8,23000	-34,80767
8,23500	-39,30926
8,24000	-42,73743
8,24500	-44,39910
8,25000	-44,69836
8,25500	-43,86898
8,26000	-41,75510
8,26500	-38,52618
8,27000	-34,65328
8,27500	-30,41336
8,28000	-25,72092
8,28500	-20,53306
8,29000	-15,24145
8,29500	-10,51950
8,30000	-7,25052
8,30500	-6,61666
8,31000	-9,23952
8,31500	-14,14310
8,32000	-19,79670
8,32500	-25,86845
8,33000	-32,82010
8,33500	-40,71678
8,34000	-49,21854
8,34500	-57,97559
8,35000	-66,61494
8,35500	-74,40115
8,36000	-80,46056
8,36500	-84,79464
8,37000	-88,31283
8,37500	-91,60992
8,38000	-94,35722
8,38500	-95,77113
8,39000	-95,44914
8,39500	-93,82262
8,40000	-91,81606
8,40500	-90,07146
8,41000	-88,50614
8,41500	-86,88432
8,42000	-85,72024
8,42500	-86,15734
8,43000	-88,66337
8,43500	-92,02725
8,44000	-94,30580
8,44500	-94,76097
8,45000	-94,49609
8,45500	-95,05921
8,46000	-96,58978
8,46500	-97,91623
8,47000	-98,06138
8,47500	-96,88136
8,48000	-94,57118
8,48500	-91,09467
8,49000	-86,29609
8,49500	-80,33453
8,50000	-73,63941
8,50500	-66,48991
8,51000	-58,92807
8,51500	-51,28029
8,52000	-44,42085
8,52500	-38,93347
8,53000	-34,51004
8,53500	-30,83978
8,54000	-28,12867
8,54500	-26,23640
8,55000	-24,54426
8,55500	-22,98360
8,56000	-22,35051
8,56500	-23,27348
8,57000	-24,98952
8,57500	-25,92080
8,58000	-25,47309
8,58500	-24,09019
8,59000	-22,10772
8,59500	-19,62895
8,60000	-16,75810
8,60500	-13,48873
8,61000	-9,91528
8,61500	-6,38906
8,62000	-2,99589
8,62500	0,57693
8,63000	4,32114
8,63500	7,86358
8,64000	11,09837
8,64500	13,85089
8,65000	15,19171
8,65500	13,91636
8,66000	9,65994
8,66500	3,32355
8,67000	-4,00686
8,67500	-12,26727
8,68000	-21,60219
8,68500	-31,26387
8,69000	-40,28745
8,69500	-48,50405
8,70000	-56,45075
8,70500	-64,34227
8,71000	-71,64727
8,71500	-78,00848
8,72000	-83,39040
8,72500	-87,21172
8,73000	-88,82216
8,73500	-88,39336
8,74000	-86,30429
8,74500	-82,77848
8,75000	-78,69055
8,75500	-75,10181
8,76000	-71,77115
8,76500	-67,52633
8,77000	-61,72595
8,77500	-54,58464
8,78000	-46,53476
8,78500	-37,66237
8,79000	-27,84093
8,79500	-17,26813
8,80000	-6,74849
8,80500	2,76007
8,81000	11,05589
8,81500	18,69335
8,82000	26,05428
8,82500	32,87319
8,83000	38,66765
8,83500	43,40780
8,84000	47,23815
8,84500	49,83752
8,85000	51,16983
8,85500	52,15419
8,86000	53,54152
8,86500	55,07678
8,87000	56,17896
8,87500	56,55315
8,88000	56,05924
8,88500	54,43713
8,89000	51,36872
8,89500	46,94984
8,90000	41,84970
8,90500	36,83585
8,91000	32,38656
8,91500	28,73852
8,92000	26,16991
8,92500	25,18965
8,93000	26,30691
8,93500	29,64054
8,94000	34,81513
8,94500	41,15764
8,95000	48,20048
8,95500	56,03625
8,96000	64,75790
8,96500	73,87448
8,97000	82,95916
8,97500	92,20426
8,98000	101,67706
8,98500	110,94132
8,99000	119,63567
8,99500	127,44708
9,00000	134,03426
9,00500	139,89436
9,01000	146,01222
9,01500	151,97110
9,02000	155,99966
9,02500	156,87227
9,03000	154,37053
9,03500	148,60851
9,04000	140,13481
9,04500	130,00568
9,05000	119,14134
9,05500	108,01916
9,06000	96,80316
9,06500	85,48627
9,07000	74,04541
9,07500	62,49515
9,08000	50,96690
9,08500	39,86696
9,09000	29,96486
9,09500	22,26633
9,10000	17,60769
9,10500	16,41725
9,11000	18,48396
9,11500	22,29910
9,12000	25,41265
9,12500	26,16447
9,13000	24,26434
9,13500	19,99924
9,14000	14,14864
9,14500	8,16215
9,15000	3,43945
9,15500	0,37512
9,16000	-1,88894
9,16500	-4,48057
9,17000	-7,53790
9,17500	-10,37734
9,18000	-12,45685
9,18500	-13,69195
9,19000	-14,17703
9,19500	-13,85212
9,20000	-12,43665
9,20500	-9,71542
9,21000	-5,94821
9,21500	-1,66108
9,22000	3,01988
9,22500	8,23524
9,23000	13,83994
9,23500	19,53447
9,24000	25,20097
9,24500	30,84999
9,25000	36,49713
9,25500	42,21405
9,26000	48,18778
9,26500	54,52920
9,27000	61,02432
9,27500	67,54169
9,28000	74,52770
9,28500	82,25370
9,29000	90,05907
9,29500	97,13720
9,30000	103,30235
9,30500	108,65226
9,31000	113,20979
9,31500	117,01885
9,32000	120,30545
9,32500	123,32444
9,33000	125,98175
9,33500	127,81009
9,34000	128,32234
9,34500	127,21272
9,35000	124,31028
9,35500	119,63829
9,36000	113,55525
9,36500	106,73226
9,37000	99,92901
9,37500	93,58879
9,38000	87,63200
9,38500	81,83176
9,39000	76,35365
9,39500	71,79117
9,40000	68,74863
9,40500	67,43693
9,41000	67,41875
9,41500	67,61354
9,42000	67,05515
9,42500	65,74974
9,43000	64,11852
9,43500	62,03596
9,44000	59,12462
9,44500	55,28378
9,45000	50,60951
9,45500	45,32604
9,46000	39,75212
9,46500	34,09158
9,47000	28,34894
9,47500	22,51475
9,48000	16,81715
9,48500	11,77309
9,49000	7,90699
9,49500	5,17514
9,50000	2,55318
9,50500	-1,22738
9,51000	-6,23670
9,51500	-11,14186
9,52000	-14,50815
9,52500	-16,07511
9,53000	-16,54295
9,53500	-16,35107
9,54000	-15,34008
9,54500	-13,26768
9,55000	-10,17928
9,55500	-6,67186
9,56000	-3,91558
9,56500	-2,90304
9,57000	-3,56343
9,57500	-4,96677
9,58000	-5,98912
9,58500	-5,52545
9,59000	-3,11741
9,59500	0,30082
9,60000	3,26595
9,60500	5,22008
9,61000	6,40914
9,61500	7,08562
9,62000	7,27783
9,62500	6,78063
9,63000	5,47158
9,63500	4,09438
9,64000	3,83825
9,64500	4,61581
9,65000	5,11744
9,65500	4,52268
9,66000	2,78687
9,66500	0,04209
9,67000	-3,31083
9,67500	-7,02562
9,68000	-11,68579
9,68500	-17,64316
9,69000	-23,88528
9,69500	-29,10123
9,70000	-33,00467
9,70500	-36,14170
9,71000	-38,97936
9,71500	-41,37243
9,72000	-42,90965
9,72500	-43,45252
9,73000	-43,21265
9,73500	-42,64963
9,74000	-42,10946
9,74500	-41,18879
9,75000	-39,02607
9,75500	-35,64163
9,76000	-31,81325
9,76500	-27,70267
9,77000	-23,40040
9,77500	-19,87030
9,78000	-17,69940
9,78500	-16,45858
9,79000	-15,95909
9,79500	-16,42197
9,80000	-17,57031
9,80500	-18,84994
9,81000	-20,17518
9,81500	-21,91026
9,82000	-24,42547
9,82500	-27,79662
9,83000	-31,77759
9,83500	-36,02224
9,84000	-40,29791
9,84500	-44,43248
9,85000	-48,20257
9,85500	-51,47526
9,86000	-54,30347
9,86500	-56,73660
9,87000	-58,93141
9,87500	-61,50739
9,88000	-65,07079
9,88500	-69,38466
9,89000	-73,60952
9,89500	-77,02855
9,90000	-79,17898
9,90500	-79,75333
9,91000	-78,81095
9,91500	-77,04873
9,92000	-75,34563
9,92500	-73,72579
9,93000	-71,21066
9,93500	-66,89072
9,94000	-60,82275
9,94500	-53,85117
9,95000	-46,76487
9,95500	-39,87536
9,96000	-33,32316
9,96500	-27,20310
9,97000	-21,35006
9,97500	-15,49241
9,98000	-9,63506
9,98500	-4,14127
9,99000	0,44979
9,99500	3,71837
10,00000	5,64399
10,00500	6,60376
10,01000	7,05625
10,01500	7,09457
10,02000	6,27689
10,02500	4,10796
10,03000	0,56734
10,03500	-3,96160
10,04000	-8,77760
10,04500	-12,77528
10,05000	-15,17007
10,05500	-16,57027
10,06000	-18,67901
10,06500	-22,84920
10,07000	-28,99102
10,07500	-35,68591
10,08000	-41,13382
10,08500	-43,84310
10,09000	-43,18864
10,09500	-40,01854
10,10000	-35,96416
10,10500	-31,88843
10,11000	-27,86845
10,11500	-24,26851
10,12000	-21,90940
10,12500	-21,27366
10,13000	-21,75062
10,13500	-22,29276
10,14000	-22,80751
10,14500	-23,81420
10,15000	-25,22613
10,15500	-26,41592
10,16000	-26,89591
10,16500	-26,59334
10,17000	-25,74251
10,17500	-24,51760
10,18000	-22,70161
10,18500	-19,95402
10,19000	-16,50297
10,19500	-12,82579
10,20000	-8,75897
10,20500	-4,18992
10,21000	0,02526
10,21500	3,04418
10,22000	4,93465
10,22500	6,10059
10,23000	6,78797
10,23500	7,08036
10,24000	6,71883
10,24500	5,24453
10,25000	2,73283
10,25500	-0,16535
10,26000	-3,00864
10,26500	-5,64048
10,27000	-7,76537
10,27500	-9,09074
10,28000	-9,64917
10,28500	-9,83737
10,29000	-10,20654
10,29500	-10,99048
10,30000	-11,69556
10,30500	-11,50022
10,31000	-10,34154
10,31500	-9,05649
10,32000	-8,28438
10,32500	-7,84479
10,33000	-7,15429
10,33500	-5,93949
10,34000	-4,42984
10,34500	-2,92552
10,35000	-1,61974
10,35500	-0,78342
10,36000	-0,68113
10,36500	-1,32800
10,37000	-2,47597
10,37500	-3,91094
10,38000	-5,71903
10,38500	-8,05648
10,39000	-10,86810
10,39500	-14,07820
10,40000	-17,58451
10,40500	-20,87629
10,41000	-23,36787
10,41500	-25,07316
10,42000	-26,11033
10,42500	-26,07386
10,43000	-24,75786
10,43500	-22,73323
10,44000	-20,68201
10,44500	-18,60826
10,45000	-15,96165
10,45500	-12,60182
10,46000	-8,97702
10,46500	-5,12380
10,47000	-0,80822
10,47500	3,49506
10,48000	7,28484
10,48500	10,92517
10,49000	14,67662
10,49500	18,01903
10,50000	20,55565
10,50500	22,52398
10,51000	24,21464
10,51500	25,35988
10,52000	25,22807
10,52500	23,35074
10,53000	19,85924
10,53500	15,19733
10,54000	10,03401
10,54500	5,22188
10,55000	1,46832
10,55500	-0,91881
10,56000	-2,11070
10,56500	-2,60931
10,57000	-2,87497
10,57500	-3,10867
10,58000	-3,23196
10,58500	-2,91451
10,59000	-1,76827
10,59500	0,30024
10,60000	2,82889
10,60500	4,88795
10,61000	5,49964
10,61500	4,15034
10,62000	1,13296
10,62500	-2,73718
10,63000	-6,78387
10,63500	-10,58829
10,64000	-13,88391
10,64500	-16,80925
10,65000	-19,88784
10,65500	-23,48139
10,66000	-27,35167
10,66500	-30,83150
10,67000	-33,47487
10,67500	-35,38750
10,68000	-36,94545
10,68500	-38,44074
10,69000	-39,94132
10,69500	-41,38399
10,70000	-42,75857
10,70500	-44,18517
10,71000	-45,90040
10,71500	-48,02662
10,72000	-50,13690
10,72500	-51,45776
10,73000	-51,83757
10,73500	-51,78483
10,74000	-51,45333
10,74500	-50,47323
10,75000	-48,50560
10,75500	-45,34726
10,76000	-40,94381
10,76500	-35,62051
10,77000	-29,82685
10,77500	-23,64750
10,78000	-17,09901
10,78500	-10,45057
10,79000	-3,93949
10,79500	1,81295
10,80000	5,45695
10,80500	6,63421
10,81000	6,98418
10,81500	7,85047
10,82000	8,80374
10,82500	9,16098
10,83000	8,77521
10,83500	7,42150
10,84000	5,07788
10,84500	2,36597
10,85000	-0,02574
10,85500	-1,90518
10,86000	-3,43782
10,86500	-4,68365
10,87000	-5,43417
10,87500	-5,61897
10,88000	-5,52552
10,88500	-5,53814
10,89000	-6,07803
10,89500	-7,44533
10,90000	-9,18541
10,90500	-10,37087
10,91000	-10,95595
10,91500	-11,73792
10,92000	-12,99798
10,92500	-14,38008
10,93000	-15,67778
10,93500	-16,94105
10,94000	-18,22061
10,94500	-19,51720
10,95000	-20,82005
10,95500	-22,12340
10,96000	-23,42594
10,96500	-24,72479
10,97000	-26,01267
10,97500	-27,28649
10,98000	-28,57318
10,98500	-29,95356
10,99000	-31,50770
10,99500	-33,07804
11,00000	-33,92835
11,00500	-32,94408
11,01000	-29,75478
11,01500	-25,29860
11,02000	-20,69090
11,02500	-16,20084
11,03000	-11,63617
11,03500	-6,88619
11,04000	-1,92465
11,04500	3,14119
11,05000	7,74050
11,05500	10,76387
11,06000	11,46490
11,06500	10,47905
11,07000	9,09668
11,07500	7,82097
11,08000	6,50308
11,08500	5,22057
11,09000	4,34242
11,09500	4,04441
11,10000	3,98326
11,10500	3,47214
11,11000	2,04843
11,11500	-0,09282
11,12000	-2,40112
11,12500	-4,62734
11,13000	-6,85223
11,13500	-9,13537
11,14000	-11,45221
11,14500	-13,77527
11,15000	-16,09284
11,15500	-18,39992
11,16000	-20,69316
11,16500	-22,98472
11,17000	-25,32777
11,17500	-27,80478
11,18000	-30,38605
11,18500	-32,63741
11,19000	-33,62478
11,19500	-32,64386
11,20000	-30,17227
11,20500	-27,34622
11,21000	-24,65761
11,21500	-21,95228
11,22000	-19,12850
11,22500	-16,24184
11,23000	-13,34686
11,23500	-10,46222
11,24000	-7,58750
11,24500	-4,71887
11,25000	-1,84867
11,25500	1,04306
11,26000	3,98172
11,26500	6,94354
11,27000	9,75801
11,27500	12,11071
11,28000	13,81689
11,28500	15,07806
11,29000	16,24914
11,29500	17,45956
11,30000	18,65826
11,30500	19,81981
11,31000	20,96355
11,31500	22,10593
11,32000	23,25079
11,32500	24,39465
11,33000	25,53452
11,33500	26,67704
11,34000	27,84598
11,34500	29,06752
11,35000	30,30140
11,35500	31,33515
11,36000	31,82489
11,36500	31,62461
11,37000	30,99849
11,37500	30,30540
11,38000	29,64834
11,38500	28,97209
11,39000	28,25712
11,39500	27,52337
11,40000	26,78717
11,40500	26,05852
11,41000	25,34932
11,41500	24,66505
11,42000	23,96479
11,42500	23,11847
11,43000	21,98364
11,43500	20,59754
11,44000	19,17719
11,44500	17,88978
11,45000	16,69558
11,45500	15,21910
11,46000	12,68916
11,46500	8,50749
11,47000	3,04029
11,47500	-2,77848
11,48000	-8,45321
11,48500	-13,84319
11,49000	-18,66654
11,49500	-22,67662
11,50000	-25,85900
11,50500	-28,31591
11,51000	-30,20242
11,51500	-31,54114
11,52000	-32,06520
11,52500	-31,73632
11,53000	-31,19570
11,53500	-31,04305
11,54000	-31,06272
11,54500	-30,64787
11,55000	-29,55187
11,55500	-28,07124
11,56000	-26,81045
11,56500	-26,30109
11,57000	-26,67929
11,57500	-27,59732
11,58000	-28,41321
11,58500	-28,55344
11,59000	-27,78400
11,59500	-26,16336
11,60000	-23,87506
11,60500	-21,19474
11,61000	-18,41567
11,61500	-15,67276
11,62000	-12,91587
11,62500	-9,96422
11,63000	-6,54634
11,63500	-2,53902
11,64000	1,77973
11,64500	5,85488
11,65000	9,21271
11,65500	11,71738
11,66000	13,56637
11,66500	15,08568
11,67000	16,56608
11,67500	18,24913
11,68000	20,30382
11,68500	22,52850
11,69000	24,19105
11,69500	24,64246
11,70000	23,88173
11,70500	22,23697
11,71000	19,95338
11,71500	17,24228
11,72000	14,34210
11,72500	11,47603
11,73000	8,95269
11,73500	7,14738
11,74000	6,13374
11,74500	5,47502
11,75000	4,63335
11,75500	3,60914
11,76000	2,86125
11,76500	2,62838
11,77000	2,97029
11,77500	4,18573
11,78000	6,42069
11,78500	9,46522
11,79000	13,26117
11,79500	17,66213
11,80000	21,96610
11,80500	25,74626
11,81000	29,32771
11,81500	32,71257
11,82000	35,35736
11,82500	37,15161
11,83000	38,18364
11,83500	38,06205
11,84000	36,61362
11,84500	34,45527
11,85000	32,29998
11,85500	30,26326
11,86000	28,12403
11,86500	26,15574
11,87000	25,04358
11,87500	24,81488
11,88000	24,83454
11,88500	24,75264
11,89000	24,62455
11,89500	24,50343
11,90000	24,43424
11,90500	24,63561
11,91000	25,40838
11,91500	26,72351
11,92000	28,01358
11,92500	28,54145
11,93000	27,98169
11,93500	26,57969
11,94000	24,68822
11,94500	22,61494
11,95000	21,16733
11,95500	21,33173
11,96000	23,11635
11,96500	25,68111
11,97000	28,42056
11,97500	31,18867
11,98000	33,85938
11,98500	36,18731
11,99000	38,05428
11,99500	39,55838
12,00000	40,71206
12,00500	41,36855
12,01000	41,52364
12,01500	41,26416
12,02000	40,59279
12,02500	39,76963
12,03000	39,31736
12,03500	39,29402
12,04000	39,13174
12,04500	38,32418
12,05000	36,95211
12,05500	35,64579
12,06000	35,14581
12,06500	35,72806
12,07000	37,00951
12,07500	38,47656
12,08000	40,00451
12,08500	41,54393
12,09000	42,54551
12,09500	42,16565
12,10000	40,22330
12,10500	37,48816
12,11000	34,72428
12,11500	32,04558
12,12000	29,24546
12,12500	26,11612
12,13000	22,58658
12,13500	18,89114
12,14000	15,18641
12,14500	11,05517
12,15000	6,19151
12,15500	1,12103
12,16000	-3,53543
12,16500	-7,60721
12,17000	-10,89044
12,17500	-13,22536
12,18000	-14,90047
12,18500	-16,17469
12,19000	-16,83914
12,19500	-16,62402
12,20000	-15,48880
12,20500	-13,42986
12,21000	-10,47229
12,21500	-6,89189
12,22000	-3,25015
12,22500	-0,00595
12,23000	2,89426
12,23500	5,75965
12,24000	8,69216
12,24500	11,62790
12,25000	14,53770
12,25500	17,43679
12,26000	20,33319
12,26500	23,20384
12,27000	26,00657
12,27500	28,76192
12,28000	31,70569
12,28500	35,32069
12,29000	39,75737
12,29500	44,02617
12,30000	46,70958
12,30500	47,69592
12,31000	48,15337
12,31500	49,04413
12,32000	50,49561
12,32500	52,29873
12,33000	54,35419
12,33500	56,35300
12,34000	57,72458
12,34500	58,50314
12,35000	59,28330
12,35500	60,08270
12,36000	60,46017
12,36500	60,52082
12,37000	60,84681
12,37500	61,78515
12,38000	63,18974
12,38500	64,69169
12,39000	66,02187
12,39500	67,00703
12,40000	67,64419
12,40500	68,34480
12,41000	69,55962
12,41500	71,06503
12,42000	72,02119
12,42500	71,71256
12,43000	70,09704
12,43500	67,54548
12,44000	64,20570
12,44500	59,98583
12,45000	54,93196
12,45500	49,35281
12,46000	43,62631
12,46500	37,90959
12,47000	32,15262
12,47500	26,31145
12,48000	20,43519
12,48500	14,70954
12,49000	9,43313
12,49500	4,83827
12,50000	1,01035
12,50500	-1,89150
12,51000	-3,29775
12,51500	-2,49135
12,52000	0,28409
12,52500	3,59757
12,53000	6,26607
12,53500	8,11289
12,54000	9,13536
12,54500	8,86509
12,55000	6,86255
12,55500	3,60078
12,56000	0,07786
12,56500	-3,45977
12,57000	-7,19602
12,57500	-10,61331
12,58000	-12,92822
12,58500	-14,23097
12,59000	-15,58515
12,59500	-17,90455
12,60000	-20,92942
12,60500	-23,64685
12,61000	-25,24709
12,61500	-25,51571
12,62000	-25,08503
12,62500	-25,27704
12,63000	-27,06086
12,63500	-30,25159
12,64000	-33,87877
12,64500	-37,16616
12,65000	-40,05449
12,65500	-42,68723
12,66000	-44,83473
12,66500	-46,13777
12,67000	-46,31134
12,67500	-45,06896
12,68000	-42,42867
12,68500	-38,94494
12,69000	-35,33371
12,69500	-31,88355
12,70000	-28,35416
12,70500	-24,64977
12,71000	-21,07492
12,71500	-17,59949
12,72000	-13,76942
12,72500	-9,41889
12,73000	-4,67307
12,73500	0,30162
12,74000	5,06903
12,74500	9,25732
12,75000	13,04889
12,75500	16,34594
12,76000	18,34780
12,76500	18,91643
12,77000	18,83453
12,77500	18,37358
12,78000	17,13313
12,78500	14,96807
12,79000	12,20104
12,79500	9,25221
12,80000	6,37027
12,80500	3,76407
12,81000	1,67196
12,81500	0,02692
12,82000	-1,52343
12,82500	-3,09472
12,83000	-4,39329
12,83500	-5,07962
12,84000	-5,17311
12,84500	-5,01117
12,85000	-4,95623
12,85500	-5,48540
12,86000	-7,12407
12,86500	-9,74510
12,87000	-12,51164
12,87500	-14,79311
12,88000	-16,59122
12,88500	-18,09987
12,89000	-19,20173
12,89500	-19,52363
12,90000	-19,04706
12,90500	-18,47518
12,91000	-18,62678
12,91500	-19,40564
12,92000	-19,98842
12,92500	-20,05455
12,93000	-19,93094
12,93500	-19,80879
12,94000	-19,68864
12,94500	-19,85899
12,95000	-20,94750
12,95500	-23,38257
12,96000	-26,88688
12,96500	-30,63460
12,97000	-33,93676
12,97500	-36,75660
12,98000	-39,51120
12,98500	-42,62476
12,99000	-46,42498
12,99500	-50,80018
13,00000	-54,83731
13,00500	-57,80170
13,01000	-60,08699
13,01500	-62,08591
13,02000	-63,35743
13,02500	-63,77864
13,03000	-63,91061
13,03500	-63,90200
13,04000	-63,23758
13,04500	-61,69216
13,05000	-60,00404
13,05500	-59,10698
13,06000	-59,02728
13,06500	-59,35283
13,07000	-60,07814
13,07500	-61,29985
13,08000	-62,95802
13,08500	-65,03404
13,09000	-67,29340
13,09500	-69,23023
13,10000	-70,77325
13,10500	-72,45573
13,11000	-74,61894
13,11500	-76,81283
13,12000	-78,22820
13,12500	-78,67617
13,13000	-78,47603
13,13500	-77,47544
13,14000	-75,23842
13,14500	-71,87692
13,15000	-67,91625
13,15500	-63,64186
13,16000	-58,90181
13,16500	-53,53740
13,17000	-47,82282
13,17500	-42,33839
13,18000	-37,55907
13,18500	-33,59047
13,19000	-30,20628
13,19500	-27,15462
13,20000	-24,45712
13,20500	-22,32283
13,21000	-20,70420
13,21500	-19,25258
13,22000	-17,77424
13,22500	-16,33765
13,23000	-15,00912
13,23500	-13,67840
13,24000	-11,96792
13,24500	-9,41094
13,25000	-6,05491
13,25500	-2,59781
13,26000	0,48171
13,26500	3,38164
13,27000	6,28133
13,27500	8,82968
13,28000	10,58238
13,28500	11,64143
13,29000	12,24182
13,29500	11,77145
13,30000	9,52714
13,30500	6,20921
13,31000	3,07095
13,31500	0,32558
13,32000	-2,45309
13,32500	-5,39058
13,33000	-8,30906
13,33500	-10,95978
13,34000	-13,22485
13,34500	-15,33814
13,35000	-17,49811
13,35500	-19,26065
13,36000	-20,08386
13,36500	-20,20579
13,37000	-20,21779
13,37500	-20,31015
13,38000	-20,39040
13,38500	-20,41547
13,39000	-20,40715
13,39500	-20,39131
13,40000	-20,39826
13,40500	-20,47356
13,41000	-20,62908
13,41500	-20,69404
13,42000	-20,19021
13,42500	-18,68838
13,43000	-16,51983
13,43500	-14,51966
13,44000	-12,98438
13,44500	-11,75449
13,45000	-10,97725
13,45500	-10,98766
13,46000	-11,91277
13,46500	-13,68810
13,47000	-16,09750
13,47500	-18,81859
13,48000	-21,60767
13,48500	-24,40922
13,49000	-27,27640
13,49500	-30,25259
13,50000	-33,28161
13,50500	-36,06749
13,51000	-38,06784
13,51500	-38,83286
13,52000	-38,38977
13,52500	-37,25869
13,53000	-35,99565
13,53500	-34,68037
13,54000	-32,98113
13,54500	-30,65649
13,55000	-27,85794
13,55500	-24,94710
13,56000	-22,17791
13,56500	-19,69343
13,57000	-17,50160
13,57500	-15,35084
13,58000	-13,18819
13,58500	-11,55451
13,59000	-10,87273
13,59500	-11,00263
13,60000	-11,90023
13,60500	-13,62605
13,61000	-15,69197
13,61500	-17,46012
13,62000	-18,82469
13,62500	-19,85990
13,63000	-20,47350
13,63500	-20,67690
13,64000	-20,53400
13,64500	-19,91981
13,65000	-18,77363
13,65500	-17,21084
13,66000	-15,25365
13,66500	-13,01422
13,67000	-10,93713
13,67500	-9,30663
13,68000	-7,89880
13,68500	-6,39939
13,69000	-4,74584
13,69500	-3,12892
13,70000	-2,08394
13,70500	-2,31505
13,71000	-4,03385
13,71500	-6,74847
13,72000	-9,59140
13,72500	-11,33026
13,73000	-10,91015
13,73500	-8,91300
13,74000	-7,41650
13,74500	-7,83291
13,75000	-9,74675
13,75500	-11,69949
13,76000	-12,54164
13,76500	-12,22439
13,77000	-11,52224
13,77500	-10,98786
13,78000	-10,34127
13,78500	-9,19379
13,79000	-7,83590
13,79500	-6,84314
13,80000	-6,42710
13,80500	-6,36804
13,81000	-6,35938
13,81500	-6,30512
13,82000	-6,25669
13,82500	-6,24991
13,83000	-6,29816
13,83500	-6,40302
13,84000	-6,46899
13,84500	-6,20384
13,85000	-5,21338
13,85500	-3,30855
13,86000	-0,68564
13,86500	2,13794
13,87000	4,44059
13,87500	5,59296
13,88000	5,44839
13,88500	4,12820
13,89000	1,59800
13,89500	-1,98881
13,90000	-6,06528
13,90500	-10,26804
13,91000	-14,75872
13,91500	-19,71351
13,92000	-24,70300
13,92500	-28,92150
13,93000	-32,18913
13,93500	-35,00335
13,94000	-37,52519
13,94500	-39,39940
13,95000	-40,29476
13,95500	-39,98190
13,96000	-38,27486
13,96500	-35,23831
13,97000	-31,16628
13,97500	-26,36686
13,98000	-21,31561
13,98500	-16,60188
13,99000	-12,30449
13,99500	-7,89452
14,00000	-2,88864
14,00500	2,69896
14,01000	8,43417
14,01500	13,78578
14,02000	18,40134
14,02500	22,24019
14,03000	25,53343
14,03500	28,50178
14,04000	31,08193
14,04500	33,09569
14,05000	34,66703
14,05500	36,17448
14,06000	37,82198
14,06500	39,44925
14,07000	40,52449
14,07500	40,38511
14,08000	39,09594
14,08500	37,78093
14,09000	37,32040
14,09500	37,40013
14,10000	37,40422
14,10500	37,24023
14,11000	37,11930
14,11500	37,33144
14,12000	38,12826
14,12500	39,42899
14,13000	40,88756
14,13500	42,31899
14,14000	43,72027
14,14500	44,99320
14,15000	45,99137
14,15500	46,89468
14,16000	48,22309
14,16500	49,96854
14,17000	51,24058
14,17500	51,55817
14,18000	51,61572
14,18500	52,26477
14,19000	53,60460
14,19500	55,00760
14,20000	55,49474
14,20500	54,51214
14,21000	52,57180
14,21500	50,38224
14,22000	47,65702
14,22500	43,93011
14,23000	39,67402
14,23500	35,69959
14,24000	32,41046
14,24500	29,95803
14,25000	28,60331
14,25500	28,69035
14,26000	30,16394
14,26500	32,46653
14,27000	35,06687
14,27500	37,76002
14,28000	40,62632
14,28500	43,89596
14,29000	47,59933
14,29500	51,35464
14,30000	54,74401
14,30500	57,63431
14,31000	59,81330
14,31500	60,94230
14,32000	61,20995
14,32500	61,27266
14,33000	61,47866
14,33500	61,70337
14,34000	61,59046
14,34500	60,66167
14,35000	58,68335
14,35500	55,94546
14,36000	52,80277
14,36500	49,33043
14,37000	45,70497
14,37500	42,14540
14,38000	38,45475
14,38500	34,54130
14,39000	31,03170
14,39500	28,67606
14,40000	27,68922
14,40500	27,93695
14,41000	29,40316
14,41500	32,23159
14,42000	36,15371
14,42500	40,34211
14,43000	44,09020
14,43500	47,12461
14,44000	49,36315
14,44500	50,77072
14,45000	51,32384
14,45500	51,05935
14,46000	50,17405
14,46500	48,89172
14,47000	47,18603
14,47500	44,88274
14,48000	42,14246
14,48500	39,51805
14,49000	37,36562
14,49500	35,40262
14,50000	33,05446
14,50500	30,24557
14,51000	27,49871
14,51500	25,20229
14,52000	23,17388
14,52500	21,11301
14,53000	19,25340
14,53500	17,88580
14,54000	16,48158
14,54500	14,48739
14,55000	12,34442
14,55500	10,64281
14,56000	9,35983
14,56500	8,40490
14,57000	7,85299
14,57500	7,75095
14,58000	8,33874
14,58500	9,97284
14,59000	12,53711
14,59500	15,59238
14,60000	18,98153
14,60500	22,58122
14,61000	26,09573
14,61500	29,60930
14,62000	33,40778
14,62500	37,13121
14,63000	39,93849
14,63500	41,39585
14,64000	41,78066
14,64500	41,48974
14,65000	40,51207
14,65500	39,02590
14,66000	37,71574
14,66500	36,63158
14,67000	35,03018
14,67500	32,88168
14,68000	30,94093
14,68500	29,42629
14,69000	28,01710
14,69500	26,67565
14,70000	25,65439
14,70500	24,98156
14,71000	24,33018
14,71500	23,52410
14,72000	22,70985
14,72500	21,73437
14,73000	20,28910
14,73500	18,73281
14,74000	17,44181
14,74500	15,96794
14,75000	14,19940
14,75500	12,96890
14,76000	12,63367
14,76500	12,73889
14,77000	13,17856
14,77500	14,37730
14,78000	16,72800
14,78500	20,34694
14,79000	24,80793
14,79500	29,12930
14,80000	32,61454
14,80500	35,44542
14,81000	38,00198
14,81500	40,27678
14,82000	42,14089
14,82500	43,22477
14,83000	42,69793
14,83500	40,02596
14,84000	35,57219
14,84500	30,16278
14,85000	24,49178
14,85500	18,96016
14,86000	13,92872
14,86500	9,61517
14,87000	5,49495
14,87500	0,92175
14,88000	-3,57113
14,88500	-6,95764
14,89000	-9,25623
14,89500	-11,29365
14,90000	-13,45536
14,90500	-15,28087
14,91000	-16,37646
14,91500	-17,14963
14,92000	-18,01369
14,92500	-18,78340
14,93000	-19,39132
14,93500	-20,04425
14,94000	-20,69403
14,94500	-21,47945
14,95000	-23,04368
14,95500	-25,54264
14,96000	-28,36418
14,96500	-31,17974
14,97000	-34,27346
14,97500	-37,81056
14,98000	-41,28596
14,98500	-43,95305
14,99000	-45,69631
14,99500	-46,75430
15,00000	-46,94840
15,00500	-46,17581
15,01000	-44,91638
15,01500	-43,55403
15,02000	-41,93781
15,02500	-39,90323
15,03000	-37,88125
15,03500	-36,57697
15,04000	-35,89753
15,04500	-35,02174
15,05000	-33,64491
15,05500	-32,11781
15,06000	-30,64038
15,06500	-29,16062
15,07000	-27,75807
15,07500	-26,75523
15,08000	-26,51120
15,08500	-27,12139
15,09000	-28,29179
15,09500	-29,50551
15,10000	-30,36782
15,10500	-30,93654
15,11000	-31,71086
15,11500	-32,99769
15,12000	-34,30133
15,12500	-34,65446
15,13000	-33,69157
15,13500	-32,19468
15,14000	-30,95507
15,14500	-29,67133
15,15000	-28,08229
15,15500	-26,72209
15,16000	-25,56278
15,16500	-23,91920
15,17000	-21,85678
15,17500	-19,82376
15,18000	-17,60871
15,18500	-14,96519
15,19000	-12,27053
15,19500	-9,93861
15,20000	-7,84739
15,20500	-5,65582
15,21000	-3,58052
15,21500	-2,30843
15,22000	-1,95398
15,22500	-2,06158
15,23000	-2,59404
15,23500	-3,88986
15,24000	-5,91811
15,24500	-8,16783
15,25000	-10,22732
15,25500	-12,23708
15,26000	-14,38820
15,26500	-16,43576
15,27000	-18,36260
15,27500	-20,75763
15,28000	-24,00070
15,28500	-27,74424
15,29000	-31,37280
15,29500	-34,58165
15,30000	-37,33324
15,30500	-39,38183
15,31000	-40,40680
15,31500	-40,64490
15,32000	-40,70384
15,32500	-40,86091
15,33000	-41,01436
15,33500	-40,95961
15,34000	-40,46456
15,34500	-39,43958
15,35000	-38,09839
15,35500	-36,73552
15,36000	-35,42965
15,36500	-34,04605
15,37000	-32,35489
15,37500	-30,24848
15,38000	-28,14455
15,38500	-26,82396
15,39000	-26,47051
15,39500	-26,49594
15,40000	-26,47500
15,40500	-26,45045
15,41000	-26,43058
15,41500	-26,15611
15,42000	-25,34829
15,42500	-24,07198
15,43000	-22,64743
15,43500	-21,22592
15,44000	-19,77617
15,44500	-18,39101
15,45000	-17,36087
15,45500	-16,89846
15,46000	-16,79982
15,46500	-16,54705
15,47000	-15,84634
15,47500	-14,95345
15,48000	-14,26598
15,48500	-13,67364
15,49000	-12,85738
15,49500	-12,01899
15,50000	-11,59398
15,50500	-11,75092
15,51000	-12,61542
15,51500	-14,12011
15,52000	-15,57619
15,52500	-16,45811
15,53000	-17,24069
15,53500	-18,50117
15,54000	-19,97847
15,54500	-21,05734
15,55000	-21,37664
15,55500	-20,83771
15,56000	-19,46043
15,56500	-17,34872
15,57000	-14,79481
15,57500	-12,15288
15,58000	-9,41317
15,58500	-6,10957
15,59000	-1,90885
15,59500	2,66631
15,60000	6,72008
15,60500	10,27660
15,61000	13,94058
15,61500	17,57178
15,62000	20,53429
15,62500	22,67229
15,63000	24,32571
15,63500	25,74686
15,64000	26,74324
15,64500	26,93713
15,65000	26,25357
15,65500	25,05775
15,66000	23,91882
15,66500	23,16500
15,67000	22,49034
15,67500	21,13118
15,68000	18,76834
15,68500	15,99516
15,69000	13,60772
15,69500	11,85449
15,70000	10,40535
15,70500	8,71658
15,71000	6,53583
15,71500	4,20699
15,72000	2,28654
15,72500	0,77778
15,73000	-0,87783
15,73500	-2,98360
15,74000	-5,06886
15,74500	-6,42213
15,75000	-7,13863
15,75500	-7,89749
15,76000	-8,74167
15,76500	-9,22080
15,77000	-9,33334
15,77500	-9,35612
15,78000	-9,26205
15,78500	-8,82503
15,79000	-8,08522
15,79500	-7,40554
15,80000	-6,87130
15,80500	-6,06711
15,81000	-4,83645
15,81500	-3,62371
15,82000	-2,74313
15,82500	-1,80871
15,83000	-0,27977
15,83500	1,33117
15,84000	1,61663
15,84500	0,07773
15,85000	-2,44847
15,85500	-5,10049
15,86000	-7,49923
15,86500	-9,54702
15,87000	-11,51977
15,87500	-13,73790
15,88000	-15,96082
15,88500	-17,75787
15,89000	-19,29158
15,89500	-21,10086
15,90000	-23,27423
15,90500	-25,15729
15,91000	-26,06613
15,91500	-26,15645
15,92000	-26,10485
15,92500	-26,30793
15,93000	-26,83974
15,93500	-27,51715
15,94000	-27,80243
15,94500	-27,39500
15,95000	-26,71486
15,95500	-26,10244
15,96000	-25,32958
15,96500	-24,47601
15,97000	-24,18722
15,97500	-24,74506
15,98000	-25,66352
15,98500	-26,25545
15,99000	-26,30780
15,99500	-26,12112
16,00000	-26,09263
16,00500	-26,63122
16,01000	-28,03673
16,01500	-29,84314
16,02000	-30,99404
16,02500	-31,19015
16,03000	-31,08527
16,03500	-31,12367
16,04000	-31,23506
16,04500	-31,33691
16,05000	-31,43352
16,05500	-31,41494
16,06000	-30,97919
16,06500	-29,80345
16,07000	-27,82757
16,07500	-25,33946
16,08000	-22,72206
16,08500	-20,06011
16,09000	-16,98348
16,09500	-13,00930
16,10000	-8,23105
16,10500	-3,40121
16,11000	0,98440
16,11500	5,15194
16,12000	9,44597
16,12500	13,89750
16,13000	18,27380
16,13500	22,05900
16,14000	24,73436
16,14500	26,46271
16,15000	27,95678
16,15500	29,52716
16,16000	30,86316
16,16500	31,61594
16,17000	31,82861
16,17500	31,83927
16,18000	31,86945
16,18500	31,91132
16,19000	31,93788
16,19500	31,99155
16,20000	32,10612
16,20500	32,16630
16,21000	31,79590
16,21500	30,61061
16,22000	28,91507
16,22500	27,70815
16,23000	27,40061
16,23500	27,18363
16,24000	26,13689
16,24500	24,39859
16,25000	22,99865
16,25500	22,54143
16,26000	22,39115
16,26500	21,53046
16,27000	19,83821
16,27500	18,24900
16,28000	17,59894
16,28500	17,58765
16,29000	17,31160
16,29500	16,33678
16,30000	14,94302
16,30500	13,72268
16,31000	13,00968
16,31500	12,54436
16,32000	11,76155
16,32500	10,47971
16,33000	9,00271
16,33500	7,55519
16,34000	6,12150
16,34500	4,75849
16,35000	3,69848
16,35500	3,04782
16,36000	2,44497
16,36500	1,39469
16,37000	-0,03327
16,37500	-1,26960
16,38000	-1,90561
16,38500	-2,03957
16,39000	-2,03587
16,39500	-2,08169
16,40000	-2,13550
16,40500	-2,15822
16,41000	-2,18096
16,41500	-2,24010
16,42000	-2,29894
16,42500	-2,17066
16,43000	-1,59046
16,43500	-0,49817
16,44000	0,86389
16,44500	2,24995
16,45000	3,61679
16,45500	4,99835
16,46000	6,38587
16,46500	7,75968
16,47000	9,16437
16,47500	10,74709
16,48000	12,63440
16,48500	14,60346
16,49000	16,13243
16,49500	17,25976
16,50000	18,77758
16,50500	20,91071
16,51000	22,92449
16,51500	24,42946
16,52000	25,77034
16,52500	27,23152
16,53000	28,77767
16,53500	30,23433
16,54000	31,30550
16,54500	31,67188
16,55000	31,25002
16,55500	30,24908
16,56000	28,89093
16,56500	27,15891
16,57000	25,01773
16,57500	22,80796
16,58000	20,97634
16,58500	19,51027
16,59000	18,12201
16,59500	16,71420
16,60000	15,30149
16,60500	13,74020
16,61000	11,77042
16,61500	9,29420
16,62000	6,41554
16,62500	3,16318
16,63000	-0,44179
16,63500	-4,04931
16,64000	-7,27430
16,64500	-10,20903
16,65000	-13,14666
16,65500	-16,04245
16,66000	-18,52281
16,66500	-20,22930
16,67000	-21,10926
16,67500	-21,46473
16,68000	-21,67607
16,68500	-21,80945
16,69000	-21,49864
16,69500	-20,36300
16,70000	-18,70726
16,70500	-17,30270
16,71000	-16,14695
16,71500	-14,62743
16,72000	-13,05253
16,72500	-12,29302
16,73000	-12,22065
16,73500	-11,93716
16,74000	-10,95418
16,74500	-9,51826
16,75000	-8,23232
16,75500	-7,53060
16,76000	-7,36839
16,76500	-7,30535
16,77000	-6,86293
16,77500	-5,87352
16,78000	-4,55797
16,78500	-3,21699
16,79000	-1,84144
16,79500	-0,12188
16,80000	2,17724
16,80500	4,92040
16,81000	7,77221
16,81500	10,58168
16,82000	13,39012
16,82500	16,22526
16,83000	19,07093
16,83500	21,92725
16,84000	24,83445
16,84500	27,83607
16,85000	30,83934
16,85500	33,42629
16,86000	34,88178
16,86500	34,74069
16,87000	33,52295
16,87500	32,34243
16,88000	31,33911
16,88500	29,59137
16,89000	26,95208
16,89500	24,50130
16,90000	23,01144
16,90500	21,96184
16,91000	20,34637
16,91500	18,16211
16,92000	16,22609
16,92500	14,69393
16,93000	12,96197
16,93500	10,80683
16,94000	8,88865
16,94500	7,98817
16,95000	7,87901
16,95500	7,46220
16,96000	6,01380
16,96500	3,88646
16,97000	1,83446
16,97500	-0,11129
16,98000	-2,46230
16,98500	-5,28987
16,99000	-8,21781
16,99500	-10,93060
17,00000	-13,25940
17,00500	-15,29463
17,01000	-17,50153
17,01500	-20,20771
17,02000	-23,03446
17,02500	-25,17499
17,03000	-26,17558
17,03500	-26,36033
17,04000	-26,39134
17,04500	-26,54787
17,05000	-26,71185
17,05500	-26,68451
17,06000	-26,25150
17,06500	-25,29327
17,07000	-23,88765
17,07500	-22,11729
17,08000	-20,09354
17,08500	-18,31134
17,09000	-17,21418
17,09500	-16,38559
17,10000	-15,17026
17,10500	-13,79732
17,11000	-13,07614
17,11500	-13,32292
17,12000	-14,02038
17,12500	-14,62568
17,13000	-15,24911
17,13500	-16,03107
17,14000	-16,74097
17,14500	-17,41201
17,15000	-18,25874
17,15500	-19,02808
17,16000	-19,34927
17,16500	-19,22957
17,17000	-18,76283
17,17500	-18,05451
17,18000	-17,40613
17,18500	-16,87153
17,19000	-16,02416
17,19500	-14,71463
17,20000	-13,43868
17,20500	-12,64142
17,21000	-12,13384
17,21500	-11,35264
17,22000	-10,07946
17,22500	-8,61469
17,23000	-7,23318
17,23500	-5,90745
17,24000	-4,45685
17,24500	-2,65280
17,25000	-0,44357
17,25500	1,78545
17,26000	3,59291
17,26500	5,12486
17,27000	6,90428
17,27500	9,02264
17,28000	10,87637
17,28500	11,97506
17,29000	12,76007
17,29500	13,92389
17,30000	15,35697
17,30500	16,46094
17,31000	16,97430
17,31500	17,13564
17,32000	17,24745
17,32500	17,18538
17,33000	16,46734
17,33500	14,97264
17,34000	13,40999
17,34500	12,43719
17,35000	11,65822
17,35500	10,42739
17,36000	8,94132
17,36500	7,86050
17,37000	7,61144
17,37500	8,22730
17,38000	9,37877
17,38500	10,54953
17,39000	11,40107
17,39500	12,14287
17,40000	13,41835
17,40500	15,43075
17,41000	17,55227
17,41500	19,24822
17,42000	20,57283
17,42500	21,51211
17,43000	21,76723
17,43500	21,21343
17,44000	20,04521
17,44500	18,48085
17,45000	16,60048
17,45500	14,68831
17,46000	13,25203
17,46500	12,13979
17,47000	10,51780
17,47500	8,28414
17,48000	6,21605
17,48500	4,67659
17,49000	3,54378
17,49500	2,87675
17,50000	2,67440
17,50500	2,64672
17,51000	2,59830
17,51500	2,55092
17,52000	2,52874
17,52500	2,49814
17,53000	2,43938
17,53500	2,42496
17,54000	2,66158
17,54500	3,31274
17,55000	4,17062
17,55500	4,85573
17,56000	5,42490
17,56500	6,14475
17,57000	6,88469
17,57500	7,53794
17,58000	8,37660
17,58500	9,31072
17,59000	9,69585
17,59500	9,18664
17,60000	8,05112
17,60500	6,70151
17,61000	5,34097
17,61500	3,97656
17,62000	2,57713
17,62500	1,15016
17,63000	-0,29111
17,63500	-1,75809
17,64000	-3,26518
17,64500	-4,75476
17,65000	-6,01518
17,65500	-6,78537
17,66000	-7,07130
17,66500	-7,17451
17,67000	-7,27454
17,67500	-7,18706
17,68000	-6,60402
17,68500	-5,47997
17,69000	-4,07913
17,69500	-2,63626
17,70000	-1,19911
17,70500	0,16570
17,71000	1,25735
17,71500	2,03727
17,72000	3,00311
17,72500	4,70406
17,73000	6,82593
17,73500	8,64154
17,74000	10,15587
17,74500	11,89546
17,75000	13,92684
17,75500	15,72343
17,76000	17,08213
17,76500	18,56551
17,77000	20,29888
17,77500	21,41775
17,78000	21,64851
17,78500	22,00359
17,79000	23,33943
17,79500	25,21427
17,80000	26,47641
17,80500	26,74451
17,81000	26,67088
17,81500	26,78198
17,82000	26,98479
17,82500	26,92245
17,83000	26,19190
17,83500	24,74869
17,84000	23,23311
17,84500	22,05734
17,85000	20,55395
17,85500	18,15476
17,86000	15,53576
17,86500	13,66308
17,87000	12,48291
17,87500	11,06563
17,88000	8,95027
17,88500	6,72983
17,89000	5,00737
17,89500	3,90069
17,90000	3,63387
17,90500	4,35333
17,91000	5,65609
17,91500	7,05842
17,92000	8,44065
17,92500	9,77686
17,93000	10,88693
17,93500	11,71280
17,94000	12,70079
17,94500	14,30623
17,95000	16,04166
17,95500	17,00394
17,96000	17,11938
17,96500	16,76832
17,97000	15,95830
17,97500	14,75134
17,98000	13,62006
17,98500	12,84993
17,99000	12,03929
17,99500	10,62719
18,00000	8,87837
18,00500	7,43097
18,01000	6,05796
18,01500	4,41969
18,02000	3,18379
18,02500	2,81055
18,03000	2,52371
18,03500	1,44864
18,04000	-0,19940
18,04500	-1,56833
18,05000	-2,63169
18,05500	-4,33757
18,06000	-6,97128
18,06500	-9,69868
18,07000	-11,89311
18,07500	-13,80665
18,08000	-15,94273
18,08500	-18,29185
18,09000	-20,55399
18,09500	-22,76574
18,10000	-24,84417
18,10500	-26,17115
18,11000	-26,53164
18,11500	-26,50725
18,12000	-26,56216
18,12500	-26,69881
18,13000	-26,86648
18,13500	-27,01278
18,14000	-26,82544
18,14500	-25,75697
18,15000	-23,59203
18,15500	-20,93092
18,16000	-18,75274
18,16500	-17,40076
18,17000	-16,19771
18,17500	-14,53277
18,18000	-12,96943
18,18500	-12,28902
18,19000	-12,25878
18,19500	-12,27746
18,20000	-12,20482
18,20500	-12,14261
18,21000	-12,12345
18,21500	-12,12311
18,22000	-12,12326
18,22500	-12,13171
18,23000	-12,17572
18,23500	-12,25994
18,24000	-12,27721
18,24500	-11,95165
18,25000	-11,03458
18,25500	-9,67531
18,26000	-8,39527
18,26500	-7,60173
18,27000	-7,29678
18,27500	-7,32092
18,28000	-7,74067
18,28500	-8,72511
18,29000	-10,08409
18,29500	-11,27532
18,30000	-11,89611
18,30500	-12,02691
18,31000	-12,02617
18,31500	-12,07823
18,32000	-12,13881
18,32500	-12,16281
18,33000	-12,16300
18,33500	-12,15811
18,34000	-12,15564
18,34500	-12,15562
18,35000	-12,15713
18,35500	-12,16095
18,36000	-12,16754
18,36500	-12,17089
18,37000	-12,15332
18,37500	-12,09822
18,38000	-12,04260
18,38500	-12,14985
18,39000	-12,65841
18,39500	-13,55230
18,40000	-14,31650
18,40500	-14,34701
18,41000	-13,60884
18,41500	-12,70024
18,42000	-12,24854
18,42500	-12,30905
18,43000	-12,48667
18,43500	-12,36595
18,44000	-11,55427
18,44500	-9,96159
18,45000	-8,31669
18,45500	-7,50948
18,46000	-7,44767
18,46500	-7,44597
18,47000	-7,25205
18,47500	-7,11825
18,48000	-7,49827
18,48500	-8,72494
18,49000	-10,43371
18,49500	-11,82366
18,50000	-12,90622
18,50500	-14,29836
18,51000	-15,84962
18,51500	-17,20306
18,52000	-18,78974
18,52500	-20,61511
18,53000	-21,63780
18,53500	-21,30284
18,54000	-20,16152
18,54500	-18,93699
18,55000	-17,99010
18,55500	-17,23663
18,56000	-16,17646
18,56500	-14,61634
18,57000	-13,11886
18,57500	-11,92371
18,58000	-10,47201
18,58500	-8,79912
18,59000	-7,62960
18,59500	-6,84680
18,60000	-5,73881
18,60500	-4,32692
18,61000	-3,20620
18,61500	-2,67302
18,62000	-2,50562
18,62500	-2,38291
18,63000	-2,40822
18,63500	-3,09234
18,64000	-4,62212
18,64500	-6,22827
18,65000	-6,95638
18,65500	-7,03027
18,66000	-7,58452
18,66500	-9,16925
18,67000	-11,02546
18,67500	-12,03481
18,68000	-12,13174
18,68500	-12,03671
18,69000	-12,10503
18,69500	-12,26187
18,70000	-12,42734
18,70500	-12,46354
18,71000	-11,99062
18,71500	-10,69485
18,72000	-8,98430
18,72500	-7,61167
18,73000	-6,45217
18,73500	-4,96168
18,74000	-3,50918
18,74500	-2,58785
18,75000	-1,72048
18,75500	-0,46302
18,76000	0,79443
18,76500	1,65978
18,77000	2,47788
18,77500	3,84258
18,78000	5,56974
18,78500	6,99769
18,79000	8,28972
18,79500	9,91568
18,80000	11,34554
18,80500	11,90974
18,81000	11,91577
18,81500	11,91648
18,82000	11,99547
18,82500	12,05154
18,83000	12,06530
18,83500	12,06350
18,84000	12,06256
18,84500	12,05282
18,85000	12,00675
18,85500	11,92219
18,86000	11,91130
18,86500	12,25156
18,87000	13,18331
18,87500	14,54480
18,88000	15,80118
18,88500	16,52914
18,89000	16,74932
18,89500	16,77155
18,90000	16,81123
18,90500	16,86685
18,91000	16,88799
18,91500	16,87883
18,92000	16,88082
18,92500	16,94620
18,93000	17,07907
18,93500	17,10032
18,94000	16,56204
18,94500	15,14612
18,95000	13,41438
18,95500	12,44058
18,96000	12,31320
18,96500	11,96458
18,97000	10,64524
18,97500	8,82639
18,98000	7,40330
18,98500	6,31254
18,99000	4,93986
18,99500	3,50003
19,00000	2,29747
19,00500	0,64159
19,01000	-1,88442
19,01500	-4,46107
19,02000	-6,22661
19,02500	-7,42878
19,03000	-8,93551
19,03500	-10,77808
19,04000	-12,00394
19,04500	-12,25664
19,05000	-12,17262
19,05500	-12,21872
19,06000	-12,36628
19,06500	-12,53306
19,07000	-12,59837
19,07500	-12,20050
19,08000	-10,97095
19,08500	-9,24381
19,09000	-8,02142
19,09500	-7,68921
19,10000	-7,54030
19,10500	-6,95192
19,11000	-6,25012
19,11500	-6,19347
19,12000	-6,84689
19,12500	-7,44591
19,13000	-7,54775
19,13500	-7,44775
19,14000	-7,44045
19,14500	-7,52963
19,15000	-7,66538
19,15500	-7,73909
19,16000	-7,42961
19,16500	-6,38112
19,17000	-4,79667
19,17500	-3,39796
19,18000	-2,27145
19,18500	-0,76961
19,19000	0,97277
19,19500	2,04167
19,20000	2,23805
19,20500	1,94422
19,21000	1,17588
19,21500	-0,07136
19,22000	-1,33595
19,22500	-2,10584
19,23000	-2,31928
19,23500	-2,43955
19,24000	-3,13741
19,24500	-4,62280
19,25000	-6,28751
19,25500	-7,61006
19,26000	-9,01688
19,26500	-10,75438
19,27000	-12,02092
19,27500	-12,34676
19,28000	-12,29347
19,28500	-12,33311
19,29000	-12,38654
19,29500	-12,32877
19,30000	-12,26023
19,30500	-12,52806
19,31000	-13,52039
19,31500	-15,08573
19,32000	-16,50088
19,32500	-17,58781
19,33000	-18,96643
19,33500	-20,66019
19,34000	-22,09461
19,34500	-23,45484
19,35000	-25,07707
19,35500	-26,41161
19,36000	-27,19227
19,36500	-28,10556
19,37000	-29,49173
19,37500	-30,82741
19,38000	-31,59503
19,38500	-31,81737
19,39000	-31,83408
19,39500	-31,87273
19,40000	-31,93059
19,40500	-31,95577
19,41000	-31,95108
19,41500	-31,95496
19,42000	-32,01683
19,42500	-32,14466
19,43000	-32,18039
19,43500	-31,71091
19,44000	-30,41141
19,44500	-28,70039
19,45000	-27,34749
19,45500	-26,23840
19,46000	-24,80581
19,46500	-23,30504
19,47000	-22,03342
19,47500	-20,51561
19,48000	-18,82715
19,48500	-17,88174
19,49000	-17,72211
19,49500	-17,25016
19,50000	-15,78086
19,50500	-13,96424
19,51000	-12,95616
19,51500	-12,83115
19,52000	-12,49961
19,52500	-11,20682
19,53000	-9,43092
19,53500	-8,07468
19,54000	-7,00588
19,54500	-5,39056
19,55000	-3,31380
19,55500	-1,50514
19,56000	0,02302
19,56500	1,77634
19,57000	3,79101
19,57500	5,54260
19,58000	6,86406
19,58500	8,35174
19,59000	10,14920
19,59500	11,39488
19,60000	11,67693
19,60500	11,56954
19,61000	11,50735
19,61500	11,49175
19,62000	11,71212
19,62500	12,61638
19,63000	14,23627
19,63500	15,76820
19,64000	16,44169
19,64500	16,46259
19,65000	16,43120
19,65500	16,50750
19,66000	16,57298
19,66500	16,58310
19,67000	16,58253
19,67500	16,63712
19,68000	16,76576
19,68500	16,81092
19,69000	16,33935
19,69500	14,97873
19,70000	13,17246
19,70500	11,99584
19,71000	11,78226
19,71500	11,88164
19,72000	11,83769
19,72500	11,73386
19,73000	11,68404
19,73500	11,67851
19,74000	11,68684
19,74500	11,69483
19,75000	11,69830
19,75500	11,68766
19,76000	11,64663
19,76500	11,58515
19,77000	11,60577
19,77500	11,91822
19,78000	12,58757
19,78500	13,13999
19,79000	12,93468
19,79500	12,17412
19,80000	11,67493
19,80500	11,65517
19,81000	11,73571
19,81500	11,72187
19,82000	11,67686
19,82500	11,65366
19,83000	11,65017
19,83500	11,65270
19,84000	11,65259
19,84500	11,64596
19,85000	11,63400
19,85500	11,63096
19,86000	11,66957
19,86500	11,77086
19,87000	11,84415
19,87500	11,57525
19,88000	10,59066
19,88500	9,03209
19,89000	7,59655
19,89500	6,43106
19,90000	4,92153
19,90500	3,18458
19,91000	2,15407
19,91500	1,99166
19,92000	2,06486
19,92500	2,06733
19,93000	2,05177
19,93500	1,90041
19,94000	1,30718
19,94500	0,16411
19,95000	-1,20444
19,95500	-2,27980
19,96000	-2,78390
19,96500	-2,87161
19,97000	-2,87687
19,97500	-2,93415
19,98000	-2,98955
19,98500	-3,00901
19,99000	-3,00854
19,99500	-3,00374
20,00000	-2,99867